Date,Open,High,Low,Close,Volume,openinterest
1992-06-26,0.3281296875,0.347659375,0.320309375,0.335940625,3505600,0
1992-06-29,0.339840625,0.367190625,0.3320296875,0.3593796875,917700,0
1992-06-30,0.367190625,0.371090625,0.34375,0.347659375,543400,0
1992-07-01,0.351559375,0.3593796875,0.339840625,0.3554703125,286200,0
1992-07-02,0.3593796875,0.3593796875,0.347659375,0.3554703125,218700,0
1992-07-06,0.351559375,0.3554703125,0.347659375,0.3554703125,89900,0
1992-07-07,0.3554703125,0.3554703125,0.347659375,0.3554703125,166600,0
1992-07-08,0.3554703125,0.3554703125,0.34375,0.347659375,242200,0
1992-07-09,0.351559375,0.3593796875,0.347659375,0.3593796875,61300,0
1992-07-10,0.3593796875,0.367190625,0.351559375,0.3632796875,175500,0
1992-07-13,0.3632796875,0.371090625,0.3593796875,0.371090625,93700,0
1992-07-14,0.371090625,0.382809375,0.367190625,0.371090625,266600,0
1992-07-15,0.375,0.382809375,0.371090625,0.382809375,78000,0
1992-07-16,0.382809375,0.414059375,0.378909375,0.4082,266600,0
1992-07-17,0.410159375,0.4375,0.398440625,0.429690625,244800,0
1992-07-20,0.4277296875,0.4375,0.4179703125,0.433590625,308500,0
1992-07-21,0.4375,0.445309375,0.429690625,0.4375,121600,0
1992-07-22,0.433590625,0.4375,0.4218796875,0.433590625,170200,0
1992-07-23,0.433590625,0.441409375,0.4257796875,0.441409375,162500,0
1992-07-24,0.433590625,0.4492203125,0.429690625,0.445309375,110200,0
1992-07-27,0.4492203125,0.464840625,0.445309375,0.4550796875,178600,0
1992-07-28,0.460940625,0.464840625,0.429690625,0.4375,281400,0
1992-07-29,0.4375,0.4375,0.40625,0.4160203125,482000,0
1992-07-30,0.410159375,0.4179703125,0.402340625,0.414059375,183400,0
1992-07-31,0.414059375,0.4179703125,0.40625,0.4160203125,107600,0
1992-08-03,0.410159375,0.4257796875,0.410159375,0.4199203125,75500,0
1992-08-04,0.4218796875,0.429690625,0.412109375,0.4277296875,106600,0
1992-08-05,0.4257796875,0.4257796875,0.402340625,0.410159375,148700,0
1992-08-06,0.40625,0.410159375,0.398440625,0.410159375,57400,0
1992-08-07,0.410159375,0.4257796875,0.398440625,0.4257796875,137900,0
1992-08-10,0.4179703125,0.433590625,0.414059375,0.4257796875,92000,0
1992-08-11,0.433590625,0.433590625,0.4218796875,0.429690625,64800,0
1992-08-12,0.4218796875,0.4257796875,0.402340625,0.410159375,198800,0
1992-08-13,0.410159375,0.4160203125,0.402340625,0.410159375,755000,0
1992-08-14,0.40625,0.414059375,0.382809375,0.3867203125,278900,0
1992-08-17,0.3906296875,0.3945296875,0.382809375,0.3945296875,41900,0
1992-08-18,0.382809375,0.3906296875,0.382809375,0.3906296875,44700,0
1992-08-19,0.382809375,0.3906296875,0.382809375,0.3906296875,37200,0
1992-08-20,0.3906296875,0.400390625,0.378909375,0.3867203125,38900,0
1992-08-21,0.3867203125,0.3867203125,0.378909375,0.378909375,32000,0
1992-08-24,0.382809375,0.3867203125,0.375,0.382809375,107900,0
1992-08-25,0.375,0.382809375,0.375,0.378909375,64500,0
1992-08-26,0.375,0.382809375,0.3593796875,0.375,302900,0
1992-08-27,0.378909375,0.3867203125,0.375,0.382809375,96400,0
1992-08-28,0.382809375,0.3906296875,0.378909375,0.3906296875,53400,0
1992-08-31,0.3906296875,0.3945296875,0.382809375,0.3886703125,69400,0
1992-09-01,0.3906296875,0.402340625,0.3867203125,0.3945296875,37300,0
1992-09-02,0.402340625,0.433590625,0.3945296875,0.431640625,182700,0
1992-09-03,0.429690625,0.4531296875,0.429690625,0.445309375,257500,0
1992-09-04,0.445309375,0.4531296875,0.441409375,0.4492203125,66400,0
1992-09-08,0.4531296875,0.496090625,0.445309375,0.4863296875,267800,0
1992-09-09,0.464840625,0.4882796875,0.4531296875,0.4804703125,395200,0
1992-09-10,0.472659375,0.4804703125,0.464840625,0.476559375,138900,0
1992-09-11,0.472659375,0.5,0.472659375,0.4882796875,203700,0
1992-09-14,0.496090625,0.5156296875,0.492190625,0.5117203125,204200,0
1992-09-15,0.503909375,0.5136703125,0.4804703125,0.4804703125,282800,0
1992-09-16,0.460940625,0.476559375,0.4570296875,0.464840625,233800,0
1992-09-17,0.46875,0.472659375,0.4375,0.445309375,210300,0
1992-09-18,0.4375,0.445309375,0.4179703125,0.4257796875,269700,0
1992-09-21,0.429690625,0.46875,0.4179703125,0.460940625,375200,0
1992-09-22,0.460940625,0.4843796875,0.4531296875,0.4804703125,300100,0
1992-09-23,0.4804703125,0.4804703125,0.4570296875,0.476559375,420500,0
1992-09-24,0.4804703125,0.4843796875,0.46875,0.4804703125,85300,0
1992-09-25,0.476559375,0.4882796875,0.472659375,0.476559375,189100,0
1992-09-28,0.4804703125,0.503909375,0.476559375,0.50195,117700,0
1992-09-29,0.496090625,0.503909375,0.4804703125,0.4824203125,149900,0
1992-09-30,0.4804703125,0.4882796875,0.472659375,0.472659375,173800,0
1992-10-01,0.4804703125,0.4804703125,0.4570296875,0.460940625,71200,0
1992-10-02,0.4570296875,0.460940625,0.4375,0.4492203125,92600,0
1992-10-05,0.4257796875,0.4531296875,0.4218796875,0.4531296875,199300,0
1992-10-06,0.460940625,0.460940625,0.445309375,0.4570296875,94100,0
1992-10-07,0.4570296875,0.4570296875,0.445309375,0.445309375,57700,0
1992-10-08,0.4492203125,0.4570296875,0.445309375,0.4570296875,38600,0
1992-10-09,0.4570296875,0.4570296875,0.445309375,0.4472703125,38000,0
1992-10-12,0.445309375,0.464840625,0.445309375,0.464840625,64600,0
1992-10-13,0.464840625,0.472659375,0.4570296875,0.472659375,68600,0
1992-10-14,0.472659375,0.476559375,0.460940625,0.464840625,74100,0
1992-10-15,0.460940625,0.472659375,0.4531296875,0.46875,46100,0
1992-10-16,0.46875,0.4882796875,0.460940625,0.4843796875,137100,0
1992-10-19,0.4882796875,0.507809375,0.4804703125,0.507809375,230400,0
1992-10-20,0.5117203125,0.5156296875,0.5,0.5,125500,0
1992-10-21,0.503909375,0.503909375,0.492190625,0.492190625,52600,0
1992-10-22,0.5,0.503909375,0.492190625,0.503909375,90200,0
1992-10-23,0.503909375,0.507809375,0.496090625,0.5,90400,0
1992-10-26,0.507809375,0.507809375,0.492190625,0.496090625,116200,0
1992-10-27,0.496090625,0.496090625,0.4531296875,0.460940625,304100,0
1992-10-28,0.4570296875,0.464840625,0.4375,0.441409375,347500,0
1992-10-29,0.4531296875,0.46875,0.445309375,0.46875,332500,0
1992-10-30,0.46875,0.46875,0.4570296875,0.460940625,80000,0
1992-11-02,0.464840625,0.46875,0.445309375,0.445309375,290700,0
1992-11-03,0.4492203125,0.4570296875,0.441409375,0.4570296875,93000,0
1992-11-04,0.4570296875,0.460940625,0.4492203125,0.4550796875,57800,0
1992-11-05,0.4492203125,0.464840625,0.4492203125,0.464840625,273500,0
1992-11-06,0.46875,0.5,0.460940625,0.496090625,391500,0
1992-11-09,0.5,0.507809375,0.4882796875,0.5,203500,0
1992-11-10,0.503909375,0.503909375,0.4843796875,0.4882796875,76100,0
1992-11-11,0.492190625,0.5,0.4843796875,0.496090625,66100,0
1992-11-12,0.5,0.503909375,0.4804703125,0.4804703125,195700,0
1992-11-13,0.4882796875,0.503909375,0.4804703125,0.5,180000,0
1992-11-16,0.503909375,0.507809375,0.496090625,0.503909375,196600,0
1992-11-17,0.507809375,0.507809375,0.5,0.507809375,129000,0
1992-11-18,0.5,0.535159375,0.5,0.53125,395000,0
1992-11-19,0.53125,0.5625,0.53125,0.5625,301200,0
1992-11-20,0.5625,0.585940625,0.554690625,0.556640625,720800,0
1992-11-23,0.5625,0.566409375,0.539059375,0.558590625,259700,0
1992-11-24,0.5625,0.5742203125,0.554690625,0.5625,94800,0
1992-11-25,0.566409375,0.5820296875,0.558590625,0.5761703125,125800,0
1992-11-27,0.5820296875,0.5820296875,0.570309375,0.5722703125,38500,0
1992-11-30,0.5820296875,0.59375,0.566409375,0.589840625,147900,0
1992-12-01,0.59375,0.59375,0.570309375,0.5781296875,143300,0
1992-12-02,0.5742203125,0.5742203125,0.527340625,0.558590625,699700,0
1992-12-03,0.558590625,0.558590625,0.527340625,0.5507796875,437600,0
1992-12-04,0.5410203125,0.554690625,0.527340625,0.5507796875,380700,0
1992-12-07,0.554690625,0.554690625,0.535159375,0.537109375,539300,0
1992-12-08,0.539059375,0.5429703125,0.527340625,0.535159375,257000,0
1992-12-09,0.527340625,0.537109375,0.5156296875,0.527340625,120600,0
1992-12-10,0.5195296875,0.5507796875,0.5195296875,0.5468796875,222800,0
1992-12-11,0.5507796875,0.5507796875,0.5429703125,0.5429703125,89600,0
1992-12-14,0.5468796875,0.5468796875,0.53125,0.535159375,111300,0
1992-12-15,0.535159375,0.5507796875,0.527340625,0.5507796875,107300,0
1992-12-16,0.5488296875,0.5742203125,0.5429703125,0.5625,273900,0
1992-12-17,0.570309375,0.5820296875,0.5625,0.5781296875,234200,0
1992-12-18,0.5781296875,0.5820296875,0.5742203125,0.5742203125,69900,0
1992-12-21,0.5742203125,0.5820296875,0.558590625,0.5820296875,47600,0
1992-12-22,0.5820296875,0.5820296875,0.566409375,0.570309375,69400,0
1992-12-23,0.566409375,0.570309375,0.5507796875,0.554690625,122000,0
1992-12-24,0.554690625,0.554690625,0.5429703125,0.5468796875,84700,0
1992-12-28,0.5468796875,0.5468796875,0.53125,0.5449203125,57800,0
1992-12-29,0.539059375,0.5625,0.539059375,0.5625,215100,0
1992-12-30,0.5625,0.566409375,0.554690625,0.5625,140500,0
1992-12-31,0.566409375,0.5820296875,0.558590625,0.5781296875,91200,0
1993-01-04,0.5820296875,0.585940625,0.5742203125,0.5820296875,209000,0
1993-01-05,0.5781296875,0.597659375,0.570309375,0.59375,222500,0
1993-01-06,0.597659375,0.6054703125,0.589840625,0.601559375,286400,0
1993-01-07,0.601559375,0.6367203125,0.597659375,0.617190625,522100,0
1993-01-08,0.617190625,0.625,0.597659375,0.6093796875,375700,0
1993-01-11,0.6132796875,0.621090625,0.585940625,0.601559375,245400,0
1993-01-12,0.6093796875,0.6093796875,0.59375,0.5957,97200,0
1993-01-13,0.601559375,0.6054703125,0.589840625,0.59375,223300,0
1993-01-14,0.59375,0.6406296875,0.585940625,0.6406296875,297900,0
1993-01-15,0.6445296875,0.660159375,0.625,0.628909375,511700,0
1993-01-18,0.628909375,0.6367203125,0.617190625,0.6367203125,164400,0
1993-01-19,0.6406296875,0.6445296875,0.6132796875,0.621090625,174200,0
1993-01-20,0.621090625,0.621090625,0.6054703125,0.6074203125,114300,0
1993-01-21,0.6093796875,0.6132796875,0.589840625,0.59375,235200,0
1993-01-22,0.601559375,0.6093796875,0.59375,0.6054703125,143700,0
1993-01-25,0.6054703125,0.617190625,0.597659375,0.6132796875,206700,0
1993-01-26,0.6132796875,0.6132796875,0.6054703125,0.6132796875,168800,0
1993-01-27,0.6132796875,0.6132796875,0.5820296875,0.597659375,157200,0
1993-01-28,0.597659375,0.597659375,0.585940625,0.589840625,54200,0
1993-01-29,0.5918,0.6054703125,0.589840625,0.601559375,44500,0
1993-02-01,0.597659375,0.601559375,0.589840625,0.589840625,124600,0
1993-02-02,0.589840625,0.6132796875,0.589840625,0.601559375,267100,0
1993-02-03,0.6132796875,0.6132796875,0.601559375,0.601559375,95300,0
1993-02-04,0.601559375,0.625,0.601559375,0.625,165800,0
1993-02-05,0.625,0.625,0.601559375,0.601559375,136600,0
1993-02-08,0.601559375,0.6093796875,0.585940625,0.5918,96900,0
1993-02-09,0.597659375,0.597659375,0.558590625,0.570309375,256400,0
1993-02-10,0.5742203125,0.5781296875,0.5429703125,0.554690625,185000,0
1993-02-11,0.554690625,0.566409375,0.5468796875,0.558590625,72000,0
1993-02-12,0.558590625,0.566409375,0.5507796875,0.556640625,58900,0
1993-02-16,0.5429703125,0.5507796875,0.527340625,0.5429703125,328700,0
1993-02-17,0.5429703125,0.5507796875,0.523440625,0.5293,401800,0
1993-02-18,0.535159375,0.5429703125,0.527340625,0.539059375,175300,0
1993-02-19,0.5429703125,0.5468796875,0.527340625,0.53125,153100,0
1993-02-22,0.53125,0.539059375,0.523440625,0.5293,81000,0
1993-02-23,0.53125,0.53125,0.496090625,0.5156296875,313900,0
1993-02-24,0.507809375,0.527340625,0.496090625,0.527340625,260500,0
1993-02-25,0.527340625,0.558590625,0.5195296875,0.558590625,161500,0
1993-02-26,0.5625,0.566409375,0.554690625,0.566409375,71300,0
1993-03-01,0.566409375,0.566409375,0.5507796875,0.5507796875,46200,0
1993-03-02,0.558590625,0.5742203125,0.5468796875,0.570309375,99600,0
1993-03-03,0.566409375,0.585940625,0.566409375,0.585940625,108700,0
1993-03-04,0.585940625,0.597659375,0.5820296875,0.585940625,280800,0
1993-03-05,0.585940625,0.587890625,0.570309375,0.5781296875,76500,0
1993-03-08,0.5742203125,0.585940625,0.570309375,0.5781296875,79300,0
1993-03-09,0.5742203125,0.5781296875,0.5625,0.5781296875,82500,0
1993-03-10,0.5781296875,0.5781296875,0.570309375,0.570309375,48500,0
1993-03-11,0.585940625,0.625,0.585940625,0.6152296875,466200,0
1993-03-12,0.6132796875,0.617190625,0.601559375,0.6054703125,240200,0
1993-03-15,0.6132796875,0.628909375,0.6054703125,0.625,133900,0
1993-03-16,0.625,0.628909375,0.6054703125,0.617190625,113700,0
1993-03-17,0.6093796875,0.617190625,0.601559375,0.6093796875,92300,0
1993-03-18,0.6093796875,0.617190625,0.6054703125,0.6054703125,39800,0
1993-03-19,0.6132796875,0.6132796875,0.601559375,0.601559375,42900,0
1993-03-22,0.597659375,0.6054703125,0.589840625,0.601559375,58400,0
1993-03-23,0.601559375,0.6132796875,0.59375,0.6054703125,123900,0
1993-03-24,0.6054703125,0.6132796875,0.601559375,0.6054703125,106500,0
1993-03-25,0.6054703125,0.619140625,0.601559375,0.6132796875,71900,0
1993-03-26,0.621090625,0.621090625,0.585940625,0.589840625,205800,0
1993-03-29,0.585940625,0.589840625,0.5742203125,0.585940625,71400,0
1993-03-30,0.589840625,0.597659375,0.5742203125,0.5742203125,85600,0
1993-03-31,0.5820296875,0.597659375,0.5781296875,0.59375,70700,0
1993-04-01,0.59375,0.597659375,0.585940625,0.597659375,43500,0
1993-04-02,0.59375,0.597659375,0.5820296875,0.589840625,78900,0
1993-04-05,0.589840625,0.589840625,0.5781296875,0.585940625,46900,0
1993-04-06,0.585940625,0.585940625,0.5429703125,0.5468796875,363600,0
1993-04-07,0.5468796875,0.5625,0.535159375,0.5625,229400,0
1993-04-08,0.566409375,0.6132796875,0.5625,0.6093796875,278400,0
1993-04-12,0.6093796875,0.617190625,0.597659375,0.6054703125,142200,0
1993-04-13,0.6093796875,0.625,0.601559375,0.617190625,105500,0
1993-04-14,0.625,0.625,0.6093796875,0.617190625,44900,0
1993-04-15,0.6132796875,0.617190625,0.6093796875,0.617190625,45100,0
1993-04-16,0.6132796875,0.617190625,0.601559375,0.6054703125,124000,0
1993-04-19,0.601559375,0.625,0.597659375,0.621090625,136700,0
1993-04-20,0.617190625,0.628909375,0.5820296875,0.59375,309400,0
1993-04-21,0.601559375,0.6093796875,0.589840625,0.6054703125,156800,0
1993-04-22,0.6054703125,0.617190625,0.59375,0.6093796875,119200,0
1993-04-23,0.6093796875,0.6132796875,0.585940625,0.589840625,97600,0
1993-04-26,0.589840625,0.597659375,0.5781296875,0.587890625,93600,0
1993-04-27,0.589840625,0.589840625,0.5742203125,0.589840625,82500,0
1993-04-28,0.589840625,0.601559375,0.5820296875,0.601559375,71800,0
1993-04-29,0.601559375,0.6132796875,0.589840625,0.6093796875,98400,0
1993-04-30,0.617190625,0.621090625,0.6054703125,0.6054703125,93200,0
1993-05-03,0.617190625,0.6367203125,0.6093796875,0.632809375,278100,0
1993-05-04,0.632809375,0.664059375,0.628909375,0.65625,447400,0
1993-05-05,0.660159375,0.6757796875,0.652340625,0.660159375,657400,0
1993-05-06,0.660159375,0.683590625,0.660159375,0.6679703125,191500,0
1993-05-07,0.6679703125,0.6757796875,0.660159375,0.660159375,55700,0
1993-05-10,0.660159375,0.6875,0.660159375,0.6875,177100,0
1993-05-11,0.683590625,0.7070296875,0.679690625,0.7031296875,248300,0
1993-05-12,0.7031296875,0.7031296875,0.683590625,0.691409375,308600,0
1993-05-13,0.6875,0.6875,0.6679703125,0.6757796875,163900,0
1993-05-14,0.6679703125,0.695309375,0.660159375,0.691409375,204500,0
1993-05-17,0.695309375,0.7031296875,0.6679703125,0.68555,151300,0
1993-05-18,0.683590625,0.6992203125,0.683590625,0.695309375,113200,0
1993-05-19,0.695309375,0.7031296875,0.6875,0.6992203125,167600,0
1993-05-20,0.7031296875,0.746090625,0.6992203125,0.746090625,474300,0
1993-05-21,0.746090625,0.746090625,0.726559375,0.7304703125,377100,0
1993-05-24,0.726559375,0.7382796875,0.714840625,0.7343796875,243700,0
1993-05-25,0.7343796875,0.7382796875,0.726559375,0.7382796875,134800,0
1993-05-26,0.7382796875,0.75,0.7304703125,0.75,166100,0
1993-05-27,0.753909375,0.7617203125,0.75,0.757809375,166200,0
1993-05-28,0.757809375,0.757809375,0.742190625,0.75,166900,0
1993-06-01,0.75,0.75,0.71875,0.7343796875,235400,0
1993-06-02,0.7343796875,0.742190625,0.71875,0.7343796875,141400,0
1993-06-03,0.7304703125,0.757809375,0.7304703125,0.75195,172000,0
1993-06-04,0.746090625,0.75,0.7402296875,0.742190625,73300,0
1993-06-07,0.75,0.7617203125,0.7382796875,0.7617203125,99600,0
1993-06-08,0.7382796875,0.7382796875,0.722659375,0.722659375,275100,0
1993-06-09,0.722659375,0.742190625,0.722659375,0.7304703125,197100,0
1993-06-10,0.7304703125,0.7382796875,0.726559375,0.7382796875,120500,0
1993-06-11,0.7304703125,0.777340625,0.7304703125,0.7656296875,219700,0
1993-06-14,0.7617203125,0.7695296875,0.75,0.757809375,100900,0
1993-06-15,0.753909375,0.7656296875,0.7343796875,0.742190625,89900,0
1993-06-16,0.7304703125,0.753909375,0.7304703125,0.753909375,96800,0
1993-06-17,0.746090625,0.7597703125,0.746090625,0.757809375,62900,0
1993-06-18,0.757809375,0.757809375,0.71875,0.722659375,218800,0
1993-06-21,0.7304703125,0.7304703125,0.695309375,0.7050796875,203600,0
1993-06-22,0.6992203125,0.7382796875,0.6992203125,0.726559375,215800,0
1993-06-23,0.7324203125,0.7324203125,0.714840625,0.71875,78100,0
1993-06-24,0.71875,0.746090625,0.7070296875,0.742190625,180000,0
1993-06-25,0.75,0.7617203125,0.742190625,0.757809375,98100,0
1993-06-28,0.7656296875,0.7656296875,0.753909375,0.7656296875,54700,0
1993-06-29,0.7656296875,0.7656296875,0.75,0.75,96100,0
1993-06-30,0.75,0.7656296875,0.75,0.7656296875,127200,0
1993-07-01,0.7617203125,0.773440625,0.75,0.773440625,194400,0
1993-07-02,0.785159375,0.8125,0.773440625,0.804690625,326100,0
1993-07-06,0.816409375,0.84375,0.8125,0.835940625,301600,0
1993-07-07,0.835940625,0.835940625,0.820309375,0.8281296875,242200,0
1993-07-08,0.8320296875,0.839840625,0.8281296875,0.8339796875,171600,0
1993-07-09,0.8281296875,0.8281296875,0.808590625,0.808590625,208500,0
1993-07-12,0.7968796875,0.7968796875,0.7695296875,0.773440625,341700,0
1993-07-13,0.773440625,0.7793,0.75,0.753909375,348700,0
1993-07-14,0.75,0.789059375,0.75,0.777340625,315200,0
1993-07-15,0.777340625,0.7929703125,0.7695296875,0.78125,196900,0
1993-07-16,0.78125,0.7929703125,0.777340625,0.78125,166900,0
1993-07-19,0.773440625,0.777340625,0.753909375,0.7656296875,293700,0
1993-07-20,0.7656296875,0.785159375,0.75,0.773440625,230300,0
1993-07-21,0.777340625,0.789059375,0.7695296875,0.785159375,180300,0
1993-07-22,0.78125,0.785159375,0.746090625,0.753909375,176100,0
1993-07-23,0.753909375,0.773440625,0.746090625,0.7617203125,153300,0
1993-07-26,0.7617203125,0.773440625,0.742190625,0.746090625,207600,0
1993-07-27,0.744140625,0.7695296875,0.742190625,0.7656296875,223200,0
1993-07-28,0.7656296875,0.7656296875,0.744140625,0.75,62500,0
1993-07-29,0.75,0.7617203125,0.742190625,0.753909375,96900,0
1993-07-30,0.746090625,0.753909375,0.742190625,0.742190625,64900,0
1993-08-02,0.753909375,0.753909375,0.710940625,0.712890625,269600,0
1993-08-03,0.71875,0.71875,0.683590625,0.7070296875,559300,0
1993-08-04,0.714840625,0.7304703125,0.7070296875,0.71875,154100,0
1993-08-05,0.722659375,0.742190625,0.710940625,0.742190625,313200,0
1993-08-06,0.75,0.753909375,0.742190625,0.746090625,187100,0
1993-08-09,0.746090625,0.7695296875,0.742190625,0.7656296875,203100,0
1993-08-10,0.7656296875,0.7656296875,0.753909375,0.757809375,41000,0
1993-08-11,0.7617203125,0.777340625,0.753909375,0.775390625,167500,0
1993-08-12,0.78125,0.78125,0.75,0.753909375,286500,0
1993-08-13,0.753909375,0.753909375,0.742190625,0.753909375,100700,0
1993-08-16,0.753909375,0.753909375,0.746090625,0.753909375,32400,0
1993-08-17,0.742190625,0.7617203125,0.7343796875,0.7617203125,134800,0
1993-08-18,0.746090625,0.753909375,0.7343796875,0.7343796875,152900,0
1993-08-19,0.742190625,0.746090625,0.722659375,0.7304703125,115500,0
1993-08-20,0.726559375,0.726559375,0.695309375,0.7070296875,384600,0
1993-08-23,0.710940625,0.7382796875,0.7031296875,0.7343796875,221900,0
1993-08-24,0.7343796875,0.7382796875,0.726559375,0.7304703125,180800,0
1993-08-25,0.7343796875,0.742190625,0.726559375,0.742190625,175400,0
1993-08-26,0.742190625,0.742190625,0.7304703125,0.7382796875,176800,0
1993-08-27,0.742190625,0.75,0.7304703125,0.7382796875,198300,0
1993-08-30,0.75,0.7695296875,0.7382796875,0.7695296875,427400,0
1993-08-31,0.773440625,0.777340625,0.753909375,0.757809375,121900,0
1993-09-01,0.753909375,0.7968796875,0.753909375,0.789059375,384500,0
1993-09-02,0.7968796875,0.8125,0.7929703125,0.8125,224400,0
1993-09-03,0.8125,0.8125,0.7929703125,0.7929703125,236900,0
1993-09-07,0.789059375,0.7968796875,0.7617203125,0.7617203125,249800,0
1993-09-08,0.7617203125,0.7656296875,0.7343796875,0.7656296875,331400,0
1993-09-09,0.757809375,0.789059375,0.7382796875,0.78125,386300,0
1993-09-10,0.777340625,0.7929703125,0.777340625,0.789059375,206500,0
1993-09-13,0.789059375,0.789059375,0.7695296875,0.777340625,100300,0
1993-09-14,0.7656296875,0.773440625,0.75,0.7617203125,197300,0
1993-09-15,0.753909375,0.757809375,0.742190625,0.753909375,136300,0
1993-09-16,0.753909375,0.757809375,0.746090625,0.753909375,46900,0
1993-09-17,0.746090625,0.7617203125,0.742190625,0.753909375,148700,0
1993-09-20,0.75,0.757809375,0.742190625,0.742190625,160400,0
1993-09-21,0.746090625,0.753909375,0.726559375,0.7343796875,125800,0
1993-09-22,0.7343796875,0.7695296875,0.7343796875,0.7656296875,165200,0
1993-09-23,0.7656296875,0.773440625,0.75195,0.7617203125,181300,0
1993-09-24,0.753909375,0.7656296875,0.753909375,0.7656296875,49100,0
1993-09-27,0.7656296875,0.7929703125,0.753909375,0.785159375,186500,0
1993-09-28,0.7929703125,0.820309375,0.785159375,0.816409375,301500,0
1993-09-29,0.816409375,0.84375,0.8125,0.835940625,465800,0
1993-09-30,0.84375,0.882809375,0.835940625,0.85546875,746300,0
1993-10-01,0.85938125,0.85938125,0.835940625,0.835940625,352800,0
1993-10-04,0.84375,0.84375,0.8125,0.82813125,341500,0
1993-10-05,0.835940625,0.835940625,0.804690625,0.820309375,284800,0
1993-10-06,0.820309375,0.820309375,0.789059375,0.8125,313300,0
1993-10-07,0.820309375,0.867190625,0.804690625,0.851559375,816700,0
1993-10-08,0.851559375,0.85938125,0.835940625,0.851559375,419700,0
1993-10-11,0.867190625,0.867190625,0.8125,0.851559375,508800,0
1993-10-12,0.851559375,0.85938125,0.835940625,0.851559375,302800,0
1993-10-13,0.85938125,0.867190625,0.835940625,0.84375,177100,0
1993-10-14,0.851559375,0.851559375,0.835940625,0.851559375,124000,0
1993-10-15,0.851559375,0.875,0.835940625,0.851559375,377600,0
1993-10-18,0.84375,0.85938125,0.835940625,0.851559375,162500,0
1993-10-19,0.851559375,0.851559375,0.804690625,0.8125,201200,0
1993-10-20,0.820309375,0.835940625,0.79688125,0.79688125,278900,0
1993-10-21,0.804690625,0.851559375,0.789059375,0.851559375,295000,0
1993-10-22,0.851559375,0.875,0.820309375,0.84375,194600,0
1993-10-25,0.84375,0.84375,0.79688125,0.8125,126500,0
1993-10-26,0.82813125,0.82813125,0.804690625,0.8125,63100,0
1993-10-27,0.82813125,0.835940625,0.8125,0.8125,90000,0
1993-10-28,0.8125,0.851559375,0.8125,0.84375,263600,0
1993-10-29,0.835940625,0.851559375,0.820309375,0.835940625,122300,0
1993-11-01,0.820309375,0.851559375,0.820309375,0.851559375,159000,0
1993-11-02,0.851559375,0.851559375,0.804690625,0.835940625,160800,0
1993-11-03,0.82813125,0.82813125,0.79688125,0.808590625,209500,0
1993-11-04,0.804690625,0.8125,0.78125,0.79688125,169200,0
1993-11-05,0.785159375,0.82813125,0.773440625,0.82813125,262300,0
1993-11-08,0.82813125,0.84375,0.820309375,0.835940625,88500,0
1993-11-09,0.820309375,0.835940625,0.820309375,0.82421875,83100,0
1993-11-10,0.820309375,0.835940625,0.79688125,0.8125,158400,0
1993-11-11,0.8125,0.8125,0.789059375,0.804690625,98000,0
1993-11-12,0.804690625,0.804690625,0.789059375,0.804690625,89100,0
1993-11-15,0.804690625,0.804690625,0.773440625,0.78125,153100,0
1993-11-16,0.789059375,0.79688125,0.76563125,0.78125,222900,0
1993-11-17,0.789059375,0.789059375,0.75,0.75,156300,0
1993-11-18,0.76563125,0.789059375,0.726559375,0.73046875,628900,0
1993-11-19,0.710940625,0.73438125,0.70313125,0.70703125,525700,0
1993-11-22,0.70313125,0.710940625,0.64063125,0.67188125,1330100,0
1993-11-23,0.70313125,0.742190625,0.67188125,0.71875,1120300,0
1993-11-24,0.710940625,0.726559375,0.70313125,0.70313125,351200,0
1993-11-26,0.71875,0.71875,0.695309375,0.70313125,73800,0
1993-11-29,0.71875,0.71875,0.70313125,0.70703125,127100,0
1993-11-30,0.70313125,0.71875,0.695309375,0.695309375,92300,0
1993-12-01,0.710940625,0.710940625,0.695309375,0.710940625,192500,0
1993-12-02,0.710940625,0.73438125,0.70313125,0.71875,392700,0
1993-12-03,0.75,0.773440625,0.73438125,0.753909375,225800,0
1993-12-06,0.757809375,0.773440625,0.75,0.773440625,92100,0
1993-12-07,0.773440625,0.773440625,0.75,0.75,59700,0
1993-12-08,0.75,0.75,0.710940625,0.726559375,179500,0
1993-12-09,0.726559375,0.742190625,0.70313125,0.726559375,156100,0
1993-12-10,0.726559375,0.726559375,0.70313125,0.70703125,70100,0
1993-12-13,0.70313125,0.71875,0.70313125,0.70313125,133900,0
1993-12-14,0.695309375,0.710940625,0.695309375,0.69921875,134400,0
1993-12-15,0.695309375,0.710940625,0.695309375,0.70313125,58600,0
1993-12-16,0.710940625,0.710940625,0.695309375,0.710940625,75400,0
1993-12-17,0.710940625,0.710940625,0.679690625,0.70703125,687000,0
1993-12-20,0.710940625,0.71875,0.679690625,0.695309375,160600,0
1993-12-21,0.695309375,0.695309375,0.648440625,0.65625,383700,0
1993-12-22,0.67188125,0.6875,0.648440625,0.67578125,274400,0
1993-12-23,0.679690625,0.6875,0.67188125,0.6875,426100,0
1993-12-27,0.695309375,0.695309375,0.679690625,0.6875,100800,0
1993-12-28,0.6875,0.69921875,0.6875,0.695309375,597900,0
1993-12-29,0.679690625,0.695309375,0.679690625,0.695309375,260600,0
1993-12-30,0.679690625,0.695309375,0.67578125,0.679690625,200400,0
1993-12-31,0.6875,0.695309375,0.679690625,0.695309375,335400,0
1994-01-03,0.6875,0.70313125,0.6875,0.70313125,94500,0
1994-01-04,0.70313125,0.710940625,0.6875,0.710940625,376400,0
1994-01-05,0.710940625,0.71875,0.664059375,0.664059375,553100,0
1994-01-06,0.67188125,0.67188125,0.59375,0.60938125,2061900,0
1994-01-07,0.632809375,0.664059375,0.617190625,0.648440625,1718700,0
1994-01-10,0.648440625,0.648440625,0.617190625,0.621090625,556800,0
1994-01-11,0.617190625,0.71875,0.617190625,0.679690625,858000,0
1994-01-12,0.695309375,0.73438125,0.6875,0.71875,857600,0
1994-01-13,0.71875,0.742190625,0.710940625,0.73438125,595000,0
1994-01-14,0.73438125,0.73438125,0.710940625,0.710940625,120300,0
1994-01-17,0.710940625,0.726559375,0.710940625,0.710940625,135200,0
1994-01-18,0.726559375,0.75,0.710940625,0.742190625,2154100,0
1994-01-19,0.742190625,0.757809375,0.726559375,0.75,342700,0
1994-01-20,0.757809375,0.76563125,0.742190625,0.75,128200,0
1994-01-21,0.742190625,0.757809375,0.742190625,0.75,334900,0
1994-01-24,0.742190625,0.757809375,0.73438125,0.73438125,221500,0
1994-01-25,0.75,0.75,0.726559375,0.742190625,176300,0
1994-01-26,0.742190625,0.757809375,0.726559375,0.75,170700,0
1994-01-27,0.75,0.75,0.742190625,0.75,249000,0
1994-01-28,0.742190625,0.75,0.73438125,0.73438125,156300,0
1994-01-31,0.75,0.75,0.73438125,0.75,149400,0
1994-02-01,0.75,0.757809375,0.73438125,0.73828125,166000,0
1994-02-02,0.73438125,0.76563125,0.71875,0.75,329200,0
1994-02-03,0.75,0.78125,0.75,0.757809375,346200,0
1994-02-04,0.75,0.757809375,0.70313125,0.710940625,431100,0
1994-02-07,0.679690625,0.726559375,0.67188125,0.710940625,635000,0
1994-02-08,0.710940625,0.726559375,0.710940625,0.726559375,155700,0
1994-02-09,0.726559375,0.726559375,0.695309375,0.695309375,216500,0
1994-02-10,0.695309375,0.710940625,0.695309375,0.70313125,332500,0
1994-02-11,0.695309375,0.710940625,0.695309375,0.70313125,67200,0
1994-02-14,0.710940625,0.710940625,0.695309375,0.70313125,159300,0
1994-02-15,0.710940625,0.710940625,0.695309375,0.69921875,260700,0
1994-02-16,0.70313125,0.73438125,0.695309375,0.722659375,364700,0
1994-02-17,0.71875,0.742190625,0.71875,0.71875,461700,0
1994-02-18,0.726559375,0.726559375,0.695309375,0.70313125,284600,0
1994-02-22,0.710940625,0.73438125,0.695309375,0.726559375,151200,0
1994-02-23,0.726559375,0.73438125,0.710940625,0.726559375,194500,0
1994-02-24,0.710940625,0.726559375,0.695309375,0.69921875,289500,0
1994-02-25,0.6875,0.710940625,0.6875,0.70313125,255300,0
1994-02-28,0.695309375,0.726559375,0.695309375,0.726559375,100200,0
1994-03-01,0.710940625,0.726559375,0.70313125,0.710940625,215400,0
1994-03-02,0.70313125,0.726559375,0.6875,0.71875,210000,0
1994-03-03,0.73438125,0.73438125,0.6875,0.714840625,509200,0
1994-03-04,0.726559375,0.73438125,0.695309375,0.70313125,210300,0
1994-03-07,0.70313125,0.710940625,0.695309375,0.70313125,224700,0
1994-03-08,0.710940625,0.710940625,0.695309375,0.710940625,236900,0
1994-03-09,0.71875,0.71875,0.695309375,0.695309375,247200,0
1994-03-10,0.710940625,0.710940625,0.695309375,0.70313125,209700,0
1994-03-11,0.70313125,0.70313125,0.6875,0.70313125,192300,0
1994-03-14,0.70313125,0.70313125,0.65625,0.695309375,956800,0
1994-03-15,0.695309375,0.78125,0.695309375,0.76563125,1694800,0
1994-03-16,0.78125,0.79688125,0.757809375,0.76171875,603200,0
1994-03-17,0.76563125,0.76563125,0.742190625,0.757809375,234800,0
1994-03-18,0.757809375,0.757809375,0.726559375,0.726559375,143400,0
1994-03-21,0.742190625,0.742190625,0.71875,0.742190625,218700,0
1994-03-22,0.742190625,0.789059375,0.71875,0.773440625,385200,0
1994-03-23,0.773440625,0.78125,0.757809375,0.76953125,425900,0
1994-03-24,0.76563125,0.76563125,0.742190625,0.742190625,205400,0
1994-03-25,0.742190625,0.78125,0.726559375,0.76171875,280900,0
1994-03-28,0.76563125,0.78125,0.76563125,0.78125,547700,0
1994-03-29,0.789059375,0.789059375,0.73438125,0.757809375,705100,0
1994-03-30,0.75,0.789059375,0.742190625,0.78125,523900,0
1994-03-31,0.773440625,0.789059375,0.75,0.76171875,595900,0
1994-04-04,0.73438125,0.76563125,0.710940625,0.753909375,581200,0
1994-04-05,0.773440625,0.804690625,0.76563125,0.804690625,1073800,0
1994-04-06,0.789059375,0.835940625,0.789059375,0.82813125,423900,0
1994-04-07,0.82421875,0.851559375,0.8125,0.84375,863000,0
1994-04-08,0.851559375,0.851559375,0.820309375,0.82813125,351700,0
1994-04-11,0.820309375,0.84375,0.8125,0.83105,140300,0
1994-04-12,0.835940625,0.835940625,0.8125,0.82813125,198400,0
1994-04-13,0.82813125,0.82813125,0.773440625,0.804690625,296900,0
1994-04-14,0.804690625,0.82813125,0.78125,0.804690625,187200,0
1994-04-15,0.804690625,0.804690625,0.757809375,0.785159375,541200,0
1994-04-18,0.773440625,0.804690625,0.76563125,0.789059375,330100,0
1994-04-19,0.79688125,0.804690625,0.76563125,0.789059375,163900,0
1994-04-20,0.79688125,0.804690625,0.742190625,0.76563125,260700,0
1994-04-21,0.76563125,0.808590625,0.757809375,0.80078125,343700,0
1994-04-22,0.804690625,0.820309375,0.79688125,0.808590625,267000,0
1994-04-25,0.8125,0.820309375,0.773440625,0.820309375,278300,0
1994-04-26,0.82813125,0.84375,0.8125,0.835940625,239300,0
1994-04-28,0.84375,0.882809375,0.8125,0.882809375,856000,0
1994-04-29,0.875,0.960940625,0.85938125,0.929690625,2549600,0
1994-05-02,0.92188125,0.945309375,0.89063125,0.945309375,1068100,0
1994-05-03,0.90625,0.9375,0.89063125,0.898440625,1121900,0
1994-05-04,0.898440625,0.90625,0.89063125,0.898440625,363600,0
1994-05-05,0.89063125,0.898440625,0.875,0.875,207800,0
1994-05-06,0.875,0.882809375,0.85938125,0.878909375,209600,0
1994-05-09,0.875,0.89063125,0.85938125,0.882809375,137300,0
1994-05-10,0.875,0.882809375,0.867190625,0.867190625,202700,0
1994-05-11,0.882809375,0.882809375,0.82813125,0.835940625,374600,0
1994-05-12,0.835940625,0.851559375,0.820309375,0.820309375,212600,0
1994-05-13,0.820309375,0.82813125,0.76563125,0.789059375,431500,0
1994-05-16,0.773440625,0.835940625,0.773440625,0.8125,523700,0
1994-05-17,0.804690625,0.820309375,0.804690625,0.820309375,460200,0
1994-05-18,0.82813125,0.85938125,0.79688125,0.85938125,748800,0
1994-05-19,0.85938125,0.92188125,0.851559375,0.90625,769300,0
1994-05-20,0.898440625,0.914059375,0.882809375,0.89453125,395000,0
1994-05-23,0.882809375,0.914059375,0.882809375,0.898440625,175200,0
1994-05-24,0.90625,0.92188125,0.882809375,0.898440625,294500,0
1994-05-25,0.898440625,0.898440625,0.875,0.882809375,97100,0
1994-05-26,0.898440625,0.898440625,0.882809375,0.882809375,94800,0
1994-05-27,0.89063125,0.90625,0.875,0.90625,110000,0
1994-05-31,0.90625,0.90625,0.875,0.89063125,214800,0
1994-06-01,0.89063125,0.914059375,0.875,0.90625,162000,0
1994-06-02,0.914059375,0.976559375,0.914059375,0.976559375,1420500,0
1994-06-03,0.95313125,1.007809375,0.945309375,1.0,986400,0
1994-06-06,1.007809375,1.01563125,0.976559375,0.976559375,550900,0
1994-06-07,0.976559375,0.97803125,0.92188125,0.929690625,821600,0
1994-06-08,0.945309375,0.945309375,0.914059375,0.92188125,230800,0
1994-06-09,0.9375,0.945309375,0.90625,0.945309375,419100,0
1994-06-10,0.941409375,0.976559375,0.9375,0.95313125,206200,0
1994-06-13,0.976559375,0.98438125,0.929690625,0.9375,333600,0
1994-06-14,0.945309375,0.945309375,0.90625,0.914059375,527100,0
1994-06-15,0.92188125,0.9375,0.90625,0.914059375,180500,0
1994-06-16,0.914059375,0.9375,0.90625,0.92578125,101500,0
1994-06-17,0.929690625,0.929690625,0.90625,0.92578125,195000,0
1994-06-20,0.914059375,0.914059375,0.882809375,0.89063125,259900,0
1994-06-21,0.89063125,0.914059375,0.867190625,0.882809375,287000,0
1994-06-22,0.89063125,0.898440625,0.875,0.882809375,118800,0
1994-06-23,0.882809375,0.898440625,0.82813125,0.835940625,512000,0
1994-06-24,0.835940625,0.875,0.820309375,0.835940625,367600,0
1994-06-27,0.851559375,0.851559375,0.820309375,0.84375,263600,0
1994-06-28,0.851559375,0.851559375,0.79688125,0.816409375,839500,0
1994-06-29,0.820309375,0.820309375,0.773440625,0.789059375,636400,0
1994-06-30,0.8125,0.8125,0.773440625,0.789059375,524100,0
1994-07-01,0.789059375,0.789059375,0.76563125,0.78125,190000,0
1994-07-05,0.78125,0.789059375,0.76563125,0.78125,341000,0
1994-07-06,0.78125,0.804690625,0.76563125,0.80078125,372600,0
1994-07-07,0.804690625,0.804690625,0.757809375,0.773440625,506200,0
1994-07-08,0.78125,0.79688125,0.757809375,0.789059375,424300,0
1994-07-11,0.78125,0.789059375,0.73438125,0.746090625,754200,0
1994-07-12,0.76563125,0.78125,0.742190625,0.773440625,589000,0
1994-07-13,0.789059375,0.820309375,0.76563125,0.804690625,1456000,0
1994-07-14,0.8125,0.875,0.79688125,0.85546875,950700,0
1994-07-15,0.85938125,0.875,0.835940625,0.871090625,539000,0
1994-07-18,0.875,0.875,0.84375,0.847659375,184300,0
1994-07-19,0.882809375,0.882809375,0.82813125,0.835940625,592700,0
1994-07-20,0.835940625,0.882809375,0.820309375,0.867190625,954100,0
1994-07-21,0.875,0.882809375,0.85938125,0.882809375,695700,0
1994-07-22,0.882809375,0.898440625,0.85938125,0.89453125,116800,0
1994-07-25,0.898440625,0.902340625,0.882809375,0.898440625,191800,0
1994-07-26,0.914059375,0.960940625,0.914059375,0.929690625,1045100,0
1994-07-27,0.929690625,0.929690625,0.898440625,0.929690625,240500,0
1994-07-28,0.914059375,0.929690625,0.882809375,0.89258125,248500,0
1994-07-29,0.90625,0.929690625,0.898440625,0.90625,357800,0
1994-08-01,0.914059375,0.914059375,0.89063125,0.898440625,100900,0
1994-08-02,0.90625,0.92188125,0.89063125,0.90625,181100,0
1994-08-03,0.898440625,0.914059375,0.882809375,0.902340625,153300,0
1994-08-04,0.90625,0.90625,0.835940625,0.84375,297300,0
1994-08-05,0.84375,0.875,0.835940625,0.867190625,144200,0
1994-08-08,0.875,0.898440625,0.85938125,0.89063125,147800,0
1994-08-09,0.90625,0.92188125,0.89063125,0.898440625,243600,0
1994-08-10,0.898440625,0.90625,0.882809375,0.90625,159000,0
1994-08-11,0.90625,0.90625,0.875,0.89063125,587500,0
1994-08-12,0.89063125,0.898440625,0.875,0.882809375,264100,0
1994-08-15,0.85938125,0.89063125,0.851559375,0.875,391600,0
1994-08-16,0.882809375,0.882809375,0.851559375,0.851559375,412900,0
1994-08-17,0.84375,0.85938125,0.82813125,0.84375,439600,0
1994-08-18,0.851559375,0.882809375,0.835940625,0.85938125,609500,0
1994-08-19,0.85938125,0.867190625,0.851559375,0.85938125,196000,0
1994-08-22,0.85938125,0.89063125,0.85938125,0.878909375,371900,0
1994-08-23,0.875,0.898440625,0.875,0.882809375,341100,0
1994-08-24,0.882809375,0.92188125,0.882809375,0.912109375,457200,0
1994-08-25,0.90625,0.92188125,0.867190625,0.89063125,228100,0
1994-08-26,0.89063125,0.914059375,0.875,0.902340625,407400,0
1994-08-29,0.914059375,0.929690625,0.898440625,0.914059375,269300,0
1994-08-30,0.90625,0.91796875,0.89063125,0.902340625,193300,0
1994-08-31,0.902340625,0.914059375,0.875,0.882809375,390300,0
1994-09-01,0.875,0.90625,0.85938125,0.89063125,404100,0
1994-09-02,0.898440625,0.914059375,0.89063125,0.914059375,174100,0
1994-09-06,0.89063125,0.914059375,0.89063125,0.910159375,110400,0
1994-09-07,0.914059375,0.929690625,0.898440625,0.90625,419800,0
1994-09-08,0.914059375,0.914059375,0.8125,0.83008125,1717300,0
1994-09-09,0.820309375,0.820309375,0.78125,0.79296875,1072900,0
1994-09-12,0.789059375,0.82813125,0.789059375,0.804690625,376300,0
1994-09-13,0.820309375,0.835940625,0.8125,0.83398125,735500,0
1994-09-14,0.82813125,0.85938125,0.820309375,0.84375,432300,0
1994-09-15,0.851559375,0.875,0.839840625,0.86523125,485700,0
1994-09-16,0.85938125,0.867190625,0.851559375,0.85938125,301700,0
1994-09-19,0.84375,0.85938125,0.835940625,0.835940625,204900,0
1994-09-20,0.835940625,0.84375,0.820309375,0.820309375,97600,0
1994-09-21,0.835940625,0.84375,0.78125,0.789059375,986700,0
1994-09-22,0.789059375,0.8125,0.742190625,0.75,1663200,0
1994-09-23,0.757809375,0.757809375,0.71875,0.72851875,1372300,0
1994-09-26,0.73438125,0.73438125,0.695309375,0.726559375,851900,0
1994-09-27,0.726559375,0.757809375,0.71875,0.75,437300,0
1994-09-28,0.75,0.757809375,0.742190625,0.746090625,190400,0
1994-09-29,0.75,0.76563125,0.742190625,0.75,332700,0
1994-09-30,0.76563125,0.773440625,0.695309375,0.7207,1070700,0
1994-10-03,0.71875,0.71875,0.710940625,0.7168,671800,0
1994-10-04,0.710940625,0.714840625,0.67188125,0.695309375,640400,0
1994-10-05,0.695309375,0.70313125,0.679690625,0.70313125,438300,0
1994-10-06,0.710940625,0.710940625,0.695309375,0.70703125,315300,0
1994-10-07,0.710940625,0.726559375,0.70313125,0.71875,351100,0
1994-10-10,0.726559375,0.73438125,0.710940625,0.726559375,217500,0
1994-10-11,0.742190625,0.79688125,0.73438125,0.789059375,848800,0
1994-10-12,0.79688125,0.804690625,0.78125,0.789059375,293400,0
1994-10-13,0.804690625,0.804690625,0.773440625,0.79688125,256200,0
1994-10-14,0.789059375,0.789059375,0.73438125,0.76563125,545600,0
1994-10-17,0.76563125,0.78125,0.757809375,0.78125,160600,0
1994-10-18,0.78125,0.78125,0.757809375,0.76563125,195700,0
1994-10-19,0.757809375,0.773440625,0.757809375,0.773440625,148000,0
1994-10-20,0.773440625,0.773440625,0.757809375,0.773440625,105100,0
1994-10-21,0.773440625,0.79688125,0.757809375,0.787109375,195500,0
1994-10-24,0.78125,0.79688125,0.742190625,0.75,409500,0
1994-10-25,0.75,0.76563125,0.742190625,0.76171875,84500,0
1994-10-26,0.76563125,0.79688125,0.757809375,0.78125,213600,0
1994-10-27,0.789059375,0.8125,0.78125,0.804690625,260000,0
1994-10-28,0.8125,0.875,0.79688125,0.875,922800,0
1994-10-31,0.851559375,0.867190625,0.835940625,0.847659375,575200,0
1994-11-01,0.835940625,0.84375,0.820309375,0.8418,446400,0
1994-11-02,0.851559375,0.882809375,0.84375,0.875,558600,0
1994-11-03,0.867190625,0.898440625,0.867190625,0.882809375,698300,0
1994-11-04,0.882809375,0.898440625,0.882809375,0.898440625,309300,0
1994-11-07,0.89063125,0.90625,0.882809375,0.89453125,388600,0
1994-11-08,0.89063125,0.910159375,0.89063125,0.898440625,1951600,0
1994-11-09,0.90625,0.914059375,0.871090625,0.882809375,1345600,0
1994-11-10,0.89063125,0.902340625,0.878909375,0.89063125,548900,0
1994-11-11,0.88671875,0.898440625,0.882809375,0.882809375,269100,0
1994-11-14,0.882809375,0.89453125,0.875,0.882809375,392600,0
1994-11-15,0.875,0.882809375,0.875,0.875,288700,0
1994-11-16,0.875,0.89258125,0.875,0.89063125,248500,0
1994-11-17,0.89063125,0.89453125,0.878909375,0.878909375,228300,0
1994-11-18,0.882809375,0.882809375,0.878909375,0.878909375,148600,0
1994-11-21,0.882809375,0.882809375,0.878909375,0.879390625,541200,0
1994-11-22,0.875,0.875,0.835940625,0.835940625,549900,0
1994-11-23,0.82813125,0.83203125,0.804690625,0.820309375,439900,0
1994-11-25,0.82421875,0.82421875,0.816409375,0.816409375,106700,0
1994-11-28,0.82421875,0.84375,0.820309375,0.83203125,181300,0
1994-11-29,0.839840625,0.85938125,0.83203125,0.847659375,501900,0
1994-11-30,0.851559375,0.851559375,0.83203125,0.837890625,273600,0
1994-12-01,0.835940625,0.835940625,0.8125,0.816409375,367100,0
1994-12-02,0.816409375,0.835940625,0.816409375,0.83203125,273100,0
1994-12-05,0.84375,0.847659375,0.835940625,0.835940625,122500,0
1994-12-06,0.839840625,0.839840625,0.82421875,0.83203125,169500,0
1994-12-07,0.83203125,0.83203125,0.79101875,0.79296875,709800,0
1994-12-08,0.80078125,0.80078125,0.76953125,0.775390625,436000,0
1994-12-09,0.777340625,0.777340625,0.76171875,0.773440625,663100,0
1994-12-12,0.777340625,0.804690625,0.773440625,0.79688125,478100,0
1994-12-13,0.80078125,0.82421875,0.79688125,0.816409375,268500,0
1994-12-14,0.82421875,0.82421875,0.804690625,0.808590625,356000,0
1994-12-15,0.804690625,0.8125,0.804690625,0.806640625,256500,0
1994-12-16,0.808590625,0.86328125,0.804690625,0.849609375,696600,0
1994-12-19,0.84375,0.847659375,0.839840625,0.84375,213300,0
1994-12-20,0.847659375,0.847659375,0.820309375,0.820309375,274000,0
1994-12-21,0.820309375,0.839840625,0.820309375,0.839840625,267500,0
1994-12-22,0.839840625,0.847659375,0.82813125,0.82813125,157600,0
1994-12-23,0.835940625,0.835940625,0.820309375,0.835940625,267500,0
1994-12-27,0.835940625,0.85938125,0.82813125,0.847659375,403200,0
1994-12-28,0.85938125,0.85938125,0.84375,0.847659375,190000,0
1994-12-29,0.851559375,0.875,0.84375,0.867190625,407300,0
1994-12-30,0.871090625,0.871090625,0.851559375,0.85938125,127400,0
1995-01-03,0.851559375,0.85546875,0.82813125,0.835940625,258600,0
1995-01-04,0.83203125,0.83203125,0.820309375,0.820309375,254500,0
1995-01-05,0.820309375,0.82813125,0.785159375,0.79883125,386600,0
1995-01-06,0.80078125,0.808590625,0.773440625,0.773440625,357500,0
1995-01-09,0.78125,0.804690625,0.773440625,0.79688125,327000,0
1995-01-10,0.79688125,0.804690625,0.789059375,0.80078125,284400,0
1995-01-11,0.804690625,0.804690625,0.789059375,0.79101875,270800,0
1995-01-12,0.789059375,0.80078125,0.78125,0.785159375,152300,0
1995-01-13,0.78125,0.785159375,0.76953125,0.773440625,505400,0
1995-01-16,0.777340625,0.785159375,0.773440625,0.78125,367900,0
1995-01-17,0.785159375,0.785159375,0.757809375,0.75976875,585700,0
1995-01-18,0.76171875,0.76953125,0.757809375,0.76563125,395100,0
1995-01-19,0.76563125,0.80078125,0.757809375,0.75976875,994400,0
1995-01-20,0.76563125,0.76563125,0.753909375,0.76563125,970200,0
1995-01-23,0.757809375,0.757809375,0.74023125,0.75,215600,0
1995-01-24,0.742190625,0.757809375,0.742190625,0.75,358000,0
1995-01-25,0.75,0.75,0.73828125,0.742190625,196100,0
1995-01-26,0.73438125,0.75,0.73438125,0.744140625,270200,0
1995-01-27,0.742190625,0.76953125,0.742190625,0.757809375,366500,0
1995-01-30,0.76563125,0.76953125,0.75,0.75,120800,0
1995-01-31,0.753909375,0.76563125,0.746090625,0.75,501800,0
1995-02-01,0.746090625,0.753909375,0.726559375,0.72851875,409200,0
1995-02-02,0.73438125,0.753909375,0.70313125,0.75,1384500,0
1995-02-03,0.757809375,0.808590625,0.75,0.789059375,1121300,0
1995-02-06,0.79688125,0.79688125,0.757809375,0.775390625,431600,0
1995-02-07,0.777340625,0.79688125,0.76171875,0.79688125,500300,0
1995-02-08,0.79296875,0.820309375,0.79296875,0.8125,664700,0
1995-02-09,0.8125,0.820309375,0.80078125,0.80078125,180500,0
1995-02-10,0.808590625,0.808590625,0.79296875,0.79296875,163300,0
1995-02-13,0.79296875,0.804690625,0.79296875,0.80273125,193300,0
1995-02-14,0.804690625,0.82813125,0.79688125,0.820309375,468800,0
1995-02-15,0.820309375,0.82813125,0.808590625,0.8125,214200,0
1995-02-16,0.816409375,0.816409375,0.79688125,0.80078125,169300,0
1995-02-17,0.80078125,0.80078125,0.79296875,0.79296875,144300,0
1995-02-21,0.79296875,0.80078125,0.76953125,0.773440625,199200,0
1995-02-22,0.773440625,0.777340625,0.753909375,0.76171875,280700,0
1995-02-23,0.76563125,0.773440625,0.757809375,0.76953125,310200,0
1995-02-24,0.757809375,0.76563125,0.742190625,0.742190625,242100,0
1995-02-27,0.75,0.75,0.73828125,0.73828125,251800,0
1995-02-28,0.73438125,0.746090625,0.726559375,0.746090625,414000,0
1995-03-01,0.75,0.773440625,0.742190625,0.76953125,746700,0
1995-03-02,0.76953125,0.76953125,0.746090625,0.75,413100,0
1995-03-03,0.746090625,0.76563125,0.746090625,0.76563125,145100,0
1995-03-06,0.76171875,0.76953125,0.753909375,0.76563125,384700,0
1995-03-07,0.76953125,0.76953125,0.753909375,0.753909375,215700,0
1995-03-08,0.757809375,0.773440625,0.757809375,0.76563125,281500,0
1995-03-09,0.76563125,0.785159375,0.76171875,0.78125,328100,0
1995-03-10,0.785159375,0.79296875,0.777340625,0.789059375,512500,0
1995-03-13,0.79296875,0.79688125,0.76563125,0.76758125,209500,0
1995-03-14,0.773440625,0.773440625,0.753909375,0.75976875,291400,0
1995-03-15,0.76171875,0.76953125,0.75,0.76563125,185800,0
1995-03-16,0.76171875,0.80273125,0.76171875,0.79688125,474300,0
1995-03-17,0.79688125,0.79688125,0.777340625,0.79688125,460700,0
1995-03-20,0.789059375,0.79688125,0.78125,0.789059375,232000,0
1995-03-21,0.79296875,0.79296875,0.73438125,0.753909375,916100,0
1995-03-22,0.73438125,0.742190625,0.710940625,0.722659375,2668400,0
1995-03-23,0.722659375,0.726559375,0.695309375,0.722659375,1280100,0
1995-03-24,0.71875,0.726559375,0.70313125,0.70703125,1031400,0
1995-03-27,0.710940625,0.71875,0.70703125,0.714840625,702400,0
1995-03-28,0.714840625,0.757809375,0.714840625,0.73241875,1075100,0
1995-03-29,0.73828125,0.75,0.722659375,0.73438125,624700,0
1995-03-30,0.73438125,0.742190625,0.73046875,0.73828125,385100,0
1995-03-31,0.73046875,0.757809375,0.726559375,0.75,597800,0
1995-04-03,0.75,0.75,0.7334,0.742190625,1103800,0
1995-04-04,0.742190625,0.753909375,0.73438125,0.753909375,332300,0
1995-04-05,0.753909375,0.76171875,0.742190625,0.76171875,464900,0
1995-04-06,0.757809375,0.816409375,0.757809375,0.80078125,1590200,0
1995-04-07,0.80078125,0.80078125,0.76953125,0.7832,738600,0
1995-04-10,0.785159375,0.785159375,0.773440625,0.777340625,213300,0
1995-04-11,0.773440625,0.79688125,0.76953125,0.76953125,527600,0
1995-04-12,0.76953125,0.789059375,0.76953125,0.785159375,321700,0
1995-04-13,0.777340625,0.80078125,0.777340625,0.80078125,317400,0
1995-04-17,0.80078125,0.804690625,0.79296875,0.79491875,523300,0
1995-04-18,0.79296875,0.80078125,0.79296875,0.79491875,287600,0
1995-04-19,0.79688125,0.79688125,0.78125,0.79491875,461100,0
1995-04-20,0.789059375,0.808590625,0.753909375,0.773440625,1183200,0
1995-04-21,0.76171875,0.78125,0.76171875,0.76563125,428600,0
1995-04-24,0.76171875,0.76953125,0.73828125,0.73828125,694800,0
1995-04-25,0.742190625,0.742190625,0.726559375,0.73828125,1018600,0
1995-04-26,0.73828125,0.73828125,0.73046875,0.73438125,522600,0
1995-04-27,0.73828125,0.742190625,0.72851875,0.73828125,365200,0
1995-04-28,0.73438125,0.742190625,0.73046875,0.73438125,582400,0
1995-05-01,0.73828125,0.773440625,0.73438125,0.76563125,435000,0
1995-05-02,0.773440625,0.777340625,0.76953125,0.775390625,290100,0
1995-05-03,0.773440625,0.785159375,0.76171875,0.78125,319200,0
1995-05-04,0.785159375,0.85546875,0.777340625,0.835940625,2069300,0
1995-05-05,0.82813125,0.835940625,0.820309375,0.83203125,613300,0
1995-05-08,0.82421875,0.849609375,0.820309375,0.837890625,386500,0
1995-05-09,0.835940625,0.839840625,0.804690625,0.8125,333900,0
1995-05-10,0.820309375,0.839840625,0.79296875,0.83203125,584200,0
1995-05-11,0.82813125,0.878909375,0.82813125,0.875,1550800,0
1995-05-12,0.871090625,0.9375,0.86328125,0.910159375,2940500,0
1995-05-15,0.910159375,0.98438125,0.910159375,0.94921875,2193100,0
1995-05-16,0.95703125,0.95703125,0.92188125,0.93555,1283300,0
1995-05-17,0.9375,0.941409375,0.902340625,0.910159375,806600,0
1995-05-18,0.910159375,0.92188125,0.902340625,0.912109375,368600,0
1995-05-19,0.914059375,0.92578125,0.902340625,0.910159375,339300,0
1995-05-22,0.910159375,0.941409375,0.902340625,0.933590625,512800,0
1995-05-23,0.9375,0.964840625,0.9375,0.960940625,604200,0
1995-05-24,0.95703125,0.976559375,0.95703125,0.96875,746600,0
1995-05-25,0.964840625,0.976559375,0.964840625,0.972659375,393300,0
1995-05-26,0.972659375,0.972659375,0.945309375,0.94921875,312800,0
1995-05-30,0.94921875,0.95313125,0.898440625,0.90625,859500,0
1995-05-31,0.90625,0.910159375,0.902340625,0.9082,392500,0
1995-06-01,0.9082,0.941409375,0.867190625,0.92578125,1006200,0
1995-06-02,0.914059375,0.964840625,0.902340625,0.95313125,1128600,0
1995-06-05,0.94921875,1.003909375,0.94921875,0.992190625,1178600,0
1995-06-06,0.992190625,1.0,0.96875,0.972659375,473700,0
1995-06-07,0.972659375,1.01171875,0.95313125,1.007809375,1095500,0
1995-06-08,1.01171875,1.058590625,1.003909375,1.05078125,1963100,0
1995-06-09,1.04688125,1.07813125,1.04688125,1.054690625,1469000,0
1995-06-12,1.05078125,1.058590625,1.03125,1.054690625,675400,0
1995-06-13,1.0625,1.070309375,1.04296875,1.058590625,713900,0
1995-06-14,1.054690625,1.085940625,1.04688125,1.066409375,1094100,0
1995-06-15,1.066409375,1.101559375,1.066409375,1.08203125,1261800,0
1995-06-16,1.09375,1.09375,1.058590625,1.0625,458900,0
1995-06-19,1.066409375,1.11328125,1.066409375,1.10546875,1536200,0
1995-06-20,1.10546875,1.117190625,1.07421875,1.085940625,1018700,0
1995-06-21,1.085940625,1.09375,1.07421875,1.089840625,539700,0
1995-06-22,1.089840625,1.164059375,1.085940625,1.14063125,1732400,0
1995-06-23,1.13671875,1.15625,1.132809375,1.148440625,865700,0
1995-06-26,1.160159375,1.160159375,1.14063125,1.14453125,714900,0
1995-06-27,1.14453125,1.148440625,1.10546875,1.11328125,657900,0
1995-06-28,1.101559375,1.10938125,1.08203125,1.089840625,689400,0
1995-06-29,1.089840625,1.11328125,1.089840625,1.10741875,480200,0
1995-06-30,1.101559375,1.117190625,1.101559375,1.11328125,208700,0
1995-07-03,1.117190625,1.121090625,1.10546875,1.10938125,97900,0
1995-07-05,1.10546875,1.14063125,1.10546875,1.12305,996300,0
1995-07-06,1.125,1.19921875,1.125,1.195309375,1752300,0
1995-07-07,1.1875,1.242190625,1.183590625,1.23241875,1213000,0
1995-07-10,1.23438125,1.23438125,1.152340625,1.17578125,948400,0
1995-07-11,1.17188125,1.179690625,1.152340625,1.1582,545400,0
1995-07-12,1.164059375,1.1875,1.14453125,1.18555,564300,0
1995-07-13,1.1875,1.222659375,1.179690625,1.222659375,746000,0
1995-07-14,1.214840625,1.21875,1.183590625,1.183590625,518500,0
1995-07-17,1.191409375,1.195309375,1.179690625,1.179690625,235000,0
1995-07-18,1.179690625,1.183590625,1.152340625,1.15625,422100,0
1995-07-19,1.152340625,1.152340625,1.11328125,1.117190625,383343,0
1995-07-20,1.117190625,1.132809375,1.101559375,1.117190625,700500,0
1995-07-21,1.117190625,1.179690625,1.089840625,1.164059375,1428100,0
1995-07-24,1.17188125,1.210940625,1.160159375,1.210940625,765600,0
1995-07-25,1.214840625,1.320309375,1.20313125,1.277340625,2983600,0
1995-07-26,1.277340625,1.289059375,1.26171875,1.26953125,1005300,0
1995-07-27,1.26953125,1.273440625,1.253909375,1.26953125,703800,0
1995-07-28,1.26953125,1.26953125,1.195309375,1.210940625,621200,0
1995-07-31,1.210940625,1.214840625,1.15625,1.16796875,1074000,0
1995-08-01,1.16796875,1.23828125,1.164059375,1.23046875,1343200,0
1995-08-02,1.23438125,1.26953125,1.23046875,1.23046875,855100,0
1995-08-03,1.23046875,1.23046875,1.1875,1.20313125,414700,0
1995-08-04,1.195309375,1.210940625,1.191409375,1.195309375,130200,0
1995-08-07,1.195309375,1.20703125,1.17578125,1.17773125,308800,0
1995-08-08,1.183590625,1.19921875,1.17578125,1.183590625,339000,0
1995-08-09,1.183590625,1.195309375,1.183590625,1.1875,70300,0
1995-08-10,1.195309375,1.195309375,1.183590625,1.183590625,47000,0
1995-08-11,1.1875,1.191409375,1.16796875,1.17578125,200800,0
1995-08-14,1.164059375,1.179690625,1.152340625,1.16796875,308900,0
1995-08-15,1.16796875,1.21875,1.15625,1.210940625,724800,0
1995-08-16,1.21875,1.257809375,1.214840625,1.253909375,840600,0
1995-08-17,1.257809375,1.26953125,1.23828125,1.246090625,536600,0
1995-08-18,1.25,1.253909375,1.23828125,1.242190625,202700,0
1995-08-21,1.246090625,1.257809375,1.23828125,1.246090625,310500,0
1995-08-22,1.25,1.25,1.23046875,1.23828125,216200,0
1995-08-23,1.242190625,1.25,1.23438125,1.25,77100,0
1995-08-24,1.25,1.25,1.23828125,1.24023125,217800,0
1995-08-25,1.25,1.25,1.23438125,1.246090625,103000,0
1995-08-28,1.23828125,1.246090625,1.21875,1.222659375,255600,0
1995-08-29,1.21875,1.222659375,1.17188125,1.1875,454800,0
1995-08-30,1.191409375,1.23438125,1.179690625,1.222659375,551800,0
1995-08-31,1.21875,1.26953125,1.21875,1.25,690600,0
1995-09-01,1.25,1.25,1.23046875,1.23241875,112800,0
1995-09-05,1.23438125,1.257809375,1.23046875,1.253909375,412600,0
1995-09-06,1.25,1.29296875,1.246090625,1.28125,782900,0
1995-09-07,1.289059375,1.34375,1.285159375,1.308590625,1110900,0
1995-09-08,1.3125,1.32813125,1.304690625,1.316409375,493800,0
1995-09-11,1.32813125,1.351559375,1.316409375,1.347659375,631500,0
1995-09-12,1.347659375,1.347659375,1.320309375,1.33203125,353800,0
1995-09-13,1.33203125,1.371090625,1.320309375,1.35546875,949000,0
1995-09-14,1.351559375,1.36328125,1.339840625,1.35938125,498000,0
1995-09-15,1.347659375,1.35546875,1.3125,1.3125,376400,0
1995-09-18,1.308590625,1.320309375,1.289059375,1.3125,524000,0
1995-09-19,1.308590625,1.35546875,1.308590625,1.347659375,734600,0
1995-09-20,1.35546875,1.382809375,1.347659375,1.35546875,665900,0
1995-09-21,1.36328125,1.36328125,1.304690625,1.3125,573600,0
1995-09-22,1.308590625,1.335940625,1.29688125,1.32813125,581700,0
1995-09-25,1.33203125,1.33203125,1.289059375,1.304690625,356800,0
1995-09-26,1.304690625,1.351559375,1.29688125,1.34375,801700,0
1995-09-27,1.339840625,1.34375,1.316409375,1.316409375,811600,0
1995-09-28,1.320309375,1.32421875,1.316409375,1.320309375,466200,0
1995-09-29,1.32421875,1.371090625,1.125,1.183590625,7215100,0
1995-10-02,1.19921875,1.214840625,1.164059375,1.17578125,1738200,0
1995-10-03,1.17578125,1.1875,1.125,1.125,954200,0
1995-10-04,1.128909375,1.128909375,1.07421875,1.07421875,1071800,0
1995-10-05,1.08203125,1.132809375,1.07813125,1.121090625,1236600,0
1995-10-06,1.13671875,1.152340625,1.121090625,1.132809375,1090900,0
1995-10-09,1.13671875,1.13671875,1.085940625,1.09375,312000,0
1995-10-10,1.085940625,1.085940625,1.058590625,1.07421875,766300,0
1995-10-11,1.09375,1.14453125,1.07813125,1.132809375,725400,0
1995-10-12,1.14063125,1.14453125,1.125,1.14063125,371800,0
1995-10-13,1.14453125,1.15625,1.125,1.14063125,391100,0
1995-10-16,1.14063125,1.14063125,1.10938125,1.121090625,423200,0
1995-10-17,1.121090625,1.14063125,1.117190625,1.132809375,569500,0
1995-10-18,1.14063125,1.20313125,1.132809375,1.181640625,1608100,0
1995-10-19,1.179690625,1.20703125,1.148440625,1.191409375,802600,0
1995-10-20,1.191409375,1.222659375,1.1875,1.195309375,960200,0
1995-10-23,1.195309375,1.20313125,1.17578125,1.19921875,385500,0
1995-10-24,1.20313125,1.20313125,1.1875,1.19726875,343800,0
1995-10-25,1.20313125,1.214840625,1.1875,1.18945,779400,0
1995-10-26,1.191409375,1.20313125,1.179690625,1.195309375,651600,0
1995-10-27,1.195309375,1.214840625,1.1875,1.20703125,411500,0
1995-10-30,1.210940625,1.242190625,1.20313125,1.23046875,708900,0
1995-10-31,1.23438125,1.242190625,1.226559375,1.226559375,418700,0
1995-11-01,1.23046875,1.26171875,1.214840625,1.24805,932200,0
1995-11-02,1.253909375,1.26953125,1.23438125,1.242190625,530600,0
1995-11-03,1.242190625,1.26563125,1.23828125,1.25,326500,0
1995-11-06,1.246090625,1.26953125,1.246090625,1.253909375,412700,0
1995-11-07,1.253909375,1.253909375,1.23046875,1.246090625,363200,0
1995-11-08,1.25,1.25,1.23438125,1.25,240500,0
1995-11-09,1.25,1.29296875,1.246090625,1.28125,571000,0
1995-11-10,1.28125,1.28125,1.26171875,1.26953125,286700,0
1995-11-13,1.273440625,1.32813125,1.26953125,1.32226875,810800,0
1995-11-14,1.32421875,1.347659375,1.308590625,1.316409375,732100,0
1995-11-15,1.32421875,1.32813125,1.308590625,1.3125,219900,0
1995-11-16,1.308590625,1.410159375,1.30078125,1.39063125,1558600,0
1995-11-17,1.398440625,1.398440625,1.339840625,1.347659375,1571500,0
1995-11-20,1.35546875,1.367190625,1.32813125,1.33203125,968700,0
1995-11-21,1.32813125,1.351559375,1.316409375,1.34375,896200,0
1995-11-22,1.351559375,1.40625,1.34375,1.375,1246800,0
1995-11-24,1.371090625,1.378909375,1.36328125,1.367190625,78300,0
1995-11-27,1.371090625,1.371090625,1.304690625,1.304690625,610900,0
1995-11-28,1.308590625,1.351559375,1.304690625,1.3418,1212000,0
1995-11-29,1.339840625,1.378909375,1.339840625,1.35546875,791000,0
1995-11-30,1.351559375,1.35546875,1.308590625,1.320309375,498000,0
1995-12-01,1.316409375,1.316409375,1.26171875,1.29688125,914000,0
1995-12-04,1.29688125,1.375,1.2890625,1.3398375,914400,0
1995-12-05,1.375,1.3984375,1.3515625,1.39063125,1081600,0
1995-12-06,1.3984375,1.45313125,1.3828125,1.39453125,1337500,0
1995-12-07,1.40625,1.4609375,1.3984375,1.4375,1158400,0
1995-12-08,1.4609375,1.46875,1.40625,1.4296875,622000,0
1995-12-11,1.4375,1.45313125,1.41796875,1.42188125,664000,0
1995-12-12,1.42188125,1.42188125,1.39063125,1.3984375,320300,0
1995-12-13,1.4140625,1.4140625,1.39063125,1.3984375,321700,0
1995-12-14,1.40625,1.4296875,1.3515625,1.3671875,1167200,0
1995-12-15,1.3671875,1.3828125,1.34375,1.3515625,416300,0
1995-12-18,1.3515625,1.3515625,1.28125,1.29688125,468000,0
1995-12-19,1.3046875,1.3046875,1.20313125,1.2265625,1635800,0
1995-12-20,1.2421875,1.2890625,1.1953125,1.2109375,1292800,0
1995-12-21,1.20313125,1.2421875,1.20313125,1.21875,976700,0
1995-12-22,1.2265625,1.25,1.21875,1.23438125,556200,0
1995-12-26,1.25,1.2734375,1.2265625,1.25,861400,0
1995-12-27,1.2578125,1.3125,1.25,1.29688125,962300,0
1995-12-28,1.2890625,1.3203125,1.26563125,1.2890625,1224000,0
1995-12-29,1.29688125,1.3203125,1.28125,1.3125,900300,0
1996-01-02,1.3125,1.3125,1.17188125,1.21875,2081800,0
1996-01-03,1.2109375,1.21875,1.07813125,1.09375,3897200,0
1996-01-04,1.0390625,1.125,1.01563125,1.0625,6131300,0
1996-01-05,1.0625,1.125,1.0546875,1.125,2656200,0
1996-01-08,1.125,1.125,1.0625,1.1015625,747800,0
1996-01-09,1.09375,1.125,1.0546875,1.0703125,1926600,0
1996-01-10,1.0625,1.1015625,1.0546875,1.0664125,817200,0
1996-01-11,1.0859375,1.10938125,1.0703125,1.10938125,917400,0
1996-01-12,1.1171875,1.125,1.0703125,1.09375,998700,0
1996-01-15,1.09375,1.09375,1.03125,1.0351625,818300,0
1996-01-16,1.04688125,1.0703125,1.0390625,1.0625,666100,0
1996-01-17,1.04688125,1.0625,1.04688125,1.04688125,177300,0
1996-01-18,1.0625,1.0625,1.03125,1.0351625,391700,0
1996-01-19,1.0390625,1.0625,1.03125,1.0546875,964200,0
1996-01-22,1.0234375,1.0390625,1.0,1.0390625,905200,0
1996-01-23,1.0390625,1.09375,1.03125,1.0703125,1328400,0
1996-01-24,1.0703125,1.0703125,1.0390625,1.0625,1225600,0
1996-01-25,1.0625,1.0703125,0.95313125,0.95703125,3138300,0
1996-01-26,0.95313125,0.9765625,0.90625,0.96875,6303200,0
1996-01-29,0.98438125,1.0,0.96875,0.9921875,2697700,0
1996-01-30,1.0,1.0546875,0.9921875,1.0234375,2062300,0
1996-01-31,1.0390625,1.0625,1.01563125,1.04688125,1819200,0
1996-02-01,1.0546875,1.125,1.04688125,1.10938125,1621800,0
1996-02-02,1.10938125,1.10938125,1.0546875,1.0664125,761400,0
1996-02-05,1.0703125,1.0703125,1.0390625,1.0546875,733200,0
1996-02-06,1.0546875,1.0546875,1.01563125,1.0390625,886500,0
1996-02-07,1.0390625,1.0390625,1.0,1.0078125,1114300,0
1996-02-08,1.0234375,1.10938125,1.0078125,1.09375,2950300,0
1996-02-09,1.0859375,1.1015625,1.0625,1.07813125,1017900,0
1996-02-12,1.07813125,1.07813125,1.0390625,1.04688125,915900,0
1996-02-13,1.0546875,1.0625,1.0390625,1.0390625,659000,0
1996-02-14,1.0546875,1.0625,1.0078125,1.01563125,912700,0
1996-02-15,1.03125,1.0390625,1.0078125,1.01563125,397200,0
1996-02-16,1.03125,1.0546875,1.01563125,1.03125,488100,0
1996-02-20,1.0234375,1.04688125,1.0078125,1.03125,675200,0
1996-02-21,1.0234375,1.03125,1.01563125,1.0273375,445000,0
1996-02-22,1.0234375,1.0859375,1.01563125,1.07813125,1333600,0
1996-02-23,1.0703125,1.0859375,1.0703125,1.07813125,1024600,0
1996-02-26,1.0859375,1.1015625,1.0703125,1.0859375,499500,0
1996-02-27,1.07813125,1.0859375,1.0078125,1.01563125,1540500,0
1996-02-28,1.0234375,1.07813125,1.0078125,1.0546875,1541700,0
1996-02-29,1.0546875,1.10938125,1.04688125,1.1015625,3209000,0
1996-03-01,1.1328125,1.15625,1.1171875,1.1171875,1852300,0
1996-03-04,1.1328125,1.2265625,1.125,1.2265625,2235600,0
1996-03-05,1.2109375,1.2265625,1.1953125,1.20313125,1036900,0
1996-03-06,1.20313125,1.29688125,1.20313125,1.2890625,2849500,0
1996-03-07,1.28125,1.3046875,1.2421875,1.2578125,1815600,0
1996-03-08,1.2265625,1.25,1.1953125,1.21875,1547200,0
1996-03-11,1.2109375,1.25,1.2109375,1.23438125,1050000,0
1996-03-12,1.2265625,1.28125,1.21875,1.26171875,1457300,0
1996-03-13,1.26563125,1.34375,1.2578125,1.32813125,1537600,0
1996-03-14,1.32813125,1.4453125,1.32813125,1.39063125,3360600,0
1996-03-15,1.39063125,1.4609375,1.39063125,1.42188125,2186600,0
1996-03-18,1.4375,1.4609375,1.4140625,1.4453125,1303500,0
1996-03-19,1.4453125,1.45313125,1.3359375,1.35938125,1581700,0
1996-03-20,1.3671875,1.42188125,1.35938125,1.39063125,625700,0
1996-03-21,1.3984375,1.4140625,1.34375,1.375,676800,0
1996-03-22,1.375,1.375,1.34375,1.35938125,472000,0
1996-03-25,1.3515625,1.375,1.34375,1.3515625,324400,0
1996-03-26,1.34375,1.375,1.3203125,1.3671875,758400,0
1996-03-27,1.375,1.4375,1.35938125,1.3789125,1221900,0
1996-03-28,1.375,1.39063125,1.34375,1.39063125,1022100,0
1996-03-29,1.39063125,1.4765625,1.375,1.45703125,1348600,0
1996-04-01,1.5390625,1.6015625,1.53125,1.5703125,3893500,0
1996-04-02,1.57813125,1.5859375,1.51563125,1.5546875,1506500,0
1996-04-03,1.5546875,1.5546875,1.5078125,1.5390625,978100,0
1996-04-04,1.5546875,1.64063125,1.54688125,1.625,3556300,0
1996-04-08,1.5859375,1.625,1.54688125,1.60938125,1742800,0
1996-04-09,1.6171875,1.64063125,1.6015625,1.625,1559700,0
1996-04-10,1.60938125,1.625,1.57813125,1.57813125,1390300,0
1996-04-11,1.5859375,1.5859375,1.51563125,1.5546875,1900900,0
1996-04-12,1.5546875,1.5625,1.5234375,1.5625,522200,0
1996-04-15,1.5625,1.6015625,1.5546875,1.5859375,744700,0
1996-04-16,1.6015625,1.6796875,1.59375,1.6640625,1590500,0
1996-04-17,1.67188125,1.7109375,1.6328125,1.6328125,1699200,0
1996-04-18,1.64063125,1.67188125,1.64063125,1.6640625,490400,0
1996-04-19,1.67188125,1.6796875,1.625,1.625,912200,0
1996-04-22,1.625,1.64063125,1.5703125,1.5859375,800200,0
1996-04-23,1.57813125,1.64063125,1.5625,1.64063125,790500,0
1996-04-24,1.6328125,1.64063125,1.5859375,1.59375,448900,0
1996-04-25,1.59375,1.8359375,1.59375,1.82813125,4691700,0
1996-04-26,1.7890625,1.7890625,1.7109375,1.7460875,2876500,0
1996-04-29,1.7421875,1.7578125,1.6484375,1.7109375,840400,0
1996-04-30,1.6953125,1.7109375,1.6640625,1.6953125,1115400,0
1996-05-01,1.7109375,1.76563125,1.6953125,1.7578125,1711400,0
1996-05-02,1.76563125,1.7734375,1.70313125,1.7421875,1257600,0
1996-05-03,1.73438125,1.75,1.64063125,1.7265625,1991000,0
1996-05-06,1.73438125,1.73438125,1.67188125,1.6953125,627200,0
1996-05-07,1.6796875,1.6875,1.625,1.6484375,513100,0
1996-05-08,1.625,1.6484375,1.5625,1.59375,843500,0
1996-05-09,1.6171875,1.73438125,1.6171875,1.73438125,1617500,0
1996-05-10,1.73438125,1.75,1.70313125,1.7226625,591000,0
1996-05-13,1.73438125,1.76563125,1.71875,1.7578125,947700,0
1996-05-14,1.7734375,1.8125,1.7421875,1.8125,1048100,0
1996-05-15,1.8125,1.8125,1.7890625,1.8046875,517700,0
1996-05-16,1.79688125,1.8203125,1.7890625,1.8125,442200,0
1996-05-17,1.8125,1.8515625,1.7890625,1.79101875,661800,0
1996-05-20,1.7890625,1.79688125,1.7734375,1.7890625,523800,0
1996-05-21,1.7734375,1.7890625,1.73438125,1.75,345100,0
1996-05-22,1.73438125,1.75,1.70313125,1.7421875,625500,0
1996-05-23,1.7421875,1.75,1.7265625,1.73438125,495500,0
1996-05-24,1.7421875,1.75,1.73438125,1.75,332900,0
1996-05-28,1.75,1.7578125,1.65625,1.6953125,614100,0
1996-05-29,1.6875,1.6875,1.6171875,1.6640625,877600,0
1996-05-30,1.6640625,1.7109375,1.65625,1.6953125,1211100,0
1996-05-31,1.6953125,1.7109375,1.67188125,1.6953125,311300,0
1996-06-03,1.6953125,1.6953125,1.6484375,1.67188125,188500,0
1996-06-04,1.67188125,1.6796875,1.625,1.64063125,383900,0
1996-06-05,1.625,1.7421875,1.625,1.7109375,765600,0
1996-06-06,1.7265625,1.75,1.6484375,1.6484375,696200,0
1996-06-07,1.59375,1.6640625,1.59375,1.6328125,962200,0
1996-06-10,1.64063125,1.64063125,1.57813125,1.59375,902200,0
1996-06-11,1.6015625,1.7148375,1.59375,1.7109375,1650800,0
1996-06-12,1.7109375,1.73438125,1.6875,1.70313125,527000,0
1996-06-13,1.6953125,1.6953125,1.6484375,1.67188125,470000,0
1996-06-14,1.57813125,1.67188125,1.57813125,1.6328125,824500,0
1996-06-17,1.6484375,1.6484375,1.59375,1.6015625,534200,0
1996-06-18,1.60938125,1.6484375,1.59375,1.64063125,1354400,0
1996-06-19,1.64063125,1.67188125,1.6328125,1.6640625,514300,0
1996-06-20,1.6640625,1.67188125,1.63476875,1.64453125,640200,0
1996-06-21,1.6484375,1.65625,1.6328125,1.6484375,311500,0
1996-06-24,1.6328125,1.6953125,1.6328125,1.67578125,576100,0
1996-06-25,1.6875,1.6953125,1.67188125,1.6796875,483900,0
1996-06-26,1.6953125,1.6953125,1.64063125,1.6835875,863200,0
1996-06-27,1.6796875,1.70313125,1.6640625,1.6875,858500,0
1996-06-28,1.6953125,1.78125,1.6953125,1.76563125,1344900,0
1996-07-01,1.7578125,1.82813125,1.75,1.8125,1023100,0
1996-07-02,1.79688125,1.8125,1.7578125,1.78125,595400,0
1996-07-03,1.7734375,1.8671875,1.7578125,1.8125,1450300,0
1996-07-05,1.7890625,1.79688125,1.7578125,1.76171875,368900,0
1996-07-08,1.7421875,1.7578125,1.6796875,1.6835875,690200,0
1996-07-09,1.70313125,1.7421875,1.6953125,1.7421875,742800,0
1996-07-10,1.7421875,1.7421875,1.60938125,1.64063125,1143100,0
1996-07-11,1.64063125,1.64063125,1.5625,1.5625,749500,0
1996-07-12,1.57813125,1.625,1.5625,1.5859375,888500,0
1996-07-15,1.5859375,1.5859375,1.4921875,1.4960875,1294700,0
1996-07-16,1.4921875,1.54688125,1.4375,1.5078125,1737200,0
1996-07-17,1.5390625,1.5703125,1.5234375,1.5546875,1052900,0
1996-07-18,1.5546875,1.6015625,1.5390625,1.5625,653200,0
1996-07-19,1.5703125,1.5703125,1.46875,1.5234375,878800,0
1996-07-22,1.5078125,1.57813125,1.4765625,1.5625,761200,0
1996-07-23,1.5703125,1.5703125,1.5,1.5,512800,0
1996-07-24,1.46875,1.48438125,1.4375,1.4453125,1283700,0
1996-07-25,1.4453125,1.51563125,1.4453125,1.48828125,1107600,0
1996-07-26,1.5,1.6953125,1.4921875,1.67188125,2547200,0
1996-07-29,1.6640625,1.67188125,1.6328125,1.6484375,789100,0
1996-07-30,1.64063125,1.67188125,1.64063125,1.6640625,501900,0
1996-07-31,1.60938125,1.64063125,1.6015625,1.625,1014100,0
1996-08-01,1.625,1.7578125,1.625,1.71875,2116000,0
1996-08-02,1.7265625,1.75,1.71875,1.7421875,1000500,0
1996-08-05,1.75,1.8046875,1.7421875,1.7578125,901900,0
1996-08-06,1.76563125,1.79688125,1.7421875,1.7890625,884600,0
1996-08-07,1.7890625,1.85938125,1.78125,1.84375,844000,0
1996-08-08,1.8515625,1.8515625,1.79688125,1.8203125,604800,0
1996-08-09,1.8203125,1.8515625,1.8125,1.8515625,476400,0
1996-08-12,1.84375,1.8515625,1.8203125,1.84375,528200,0
1996-08-13,1.8359375,1.8359375,1.7734375,1.7773375,623100,0
1996-08-14,1.78125,1.84375,1.7734375,1.8359375,619400,0
1996-08-15,1.82813125,1.8359375,1.8046875,1.82813125,394900,0
1996-08-16,1.82813125,1.84375,1.8125,1.82813125,607400,0
1996-08-19,1.8359375,1.8359375,1.8046875,1.8046875,199200,0
1996-08-20,1.8125,1.8125,1.78125,1.79688125,347400,0
1996-08-21,1.79688125,1.79688125,1.76563125,1.78125,299300,0
1996-08-22,1.7890625,1.9140625,1.78125,1.90625,1631600,0
1996-08-23,1.89063125,1.9140625,1.85938125,1.875,1017600,0
1996-08-26,1.875,1.89063125,1.8515625,1.89063125,592700,0
1996-08-27,1.89063125,1.9453125,1.8671875,1.90625,1128800,0
1996-08-28,1.9140625,2.01563125,1.89063125,2.0078125,1575900,0
1996-08-29,2.0,2.1328125,1.9765625,2.0625,3155100,0
1996-08-30,2.0546875,2.0625,1.98438125,2.04688125,633000,0
1996-09-03,2.01563125,2.0234375,1.98438125,2.0,769200,0
1996-09-04,2.01563125,2.17188125,2.0,2.15625,2502200,0
1996-09-05,2.14063125,2.14063125,2.0390625,2.0390625,1795200,0
1996-09-06,2.0546875,2.1015625,2.03125,2.0859375,1140200,0
1996-09-09,2.0859375,2.17188125,2.07813125,2.09375,1463000,0
1996-09-10,2.10938125,2.125,2.0546875,2.0703125,908000,0
1996-09-11,2.0625,2.07813125,2.03125,2.03125,838700,0
1996-09-12,2.0390625,2.15625,2.03125,2.1328125,1699400,0
1996-09-13,2.15625,2.1796875,2.10938125,2.15625,873300,0
1996-09-16,2.1484375,2.20313125,2.1328125,2.1953125,1172100,0
1996-09-17,2.1953125,2.20313125,2.1640625,2.1875,1011800,0
1996-09-18,2.1796875,2.2421875,2.1796875,2.23438125,1327500,0
1996-09-19,2.2421875,2.2421875,2.1796875,2.1875,640900,0
1996-09-20,2.1953125,2.21875,2.17578125,2.2109375,572900,0
1996-09-23,2.2109375,2.2109375,2.1875,2.1953125,566100,0
1996-09-24,2.1953125,2.20313125,2.125,2.15625,767900,0
1996-09-25,2.1484375,2.1484375,2.0625,2.09375,965000,0
1996-09-26,2.1015625,2.15625,2.07813125,2.09375,1015400,0
1996-09-27,2.09375,2.09375,2.0390625,2.0546875,684700,0
1996-09-30,2.0703125,2.07813125,2.03125,2.0625,664000,0
1996-10-01,2.0625,2.2265625,2.0546875,2.1953125,2206600,0
1996-10-02,2.1953125,2.3203125,2.14063125,2.3125,2792000,0
1996-10-03,2.3125,2.51563125,2.3125,2.4453125,4687100,0
1996-10-04,2.4921875,2.51563125,2.4453125,2.5,2185000,0
1996-10-07,2.4921875,2.5078125,2.4140625,2.42773125,992500,0
1996-10-08,2.375,2.375,2.2421875,2.2578125,2059200,0
1996-10-09,2.2578125,2.32813125,2.1875,2.21875,1977800,0
1996-10-10,2.2265625,2.2890625,2.2109375,2.28125,1514200,0
1996-10-11,2.3046875,2.3359375,2.2890625,2.3046875,740900,0
1996-10-14,2.3125,2.3359375,2.29688125,2.3203125,658100,0
1996-10-15,2.35938125,2.35938125,2.29688125,2.3359375,683700,0
1996-10-16,2.3359375,2.3359375,2.26563125,2.28125,688500,0
1996-10-17,2.28125,2.34375,2.26563125,2.3046875,950700,0
1996-10-18,2.3203125,2.3515625,2.29688125,2.34375,1054800,0
1996-10-21,2.34375,2.34375,2.26563125,2.2890625,389700,0
1996-10-22,2.28125,2.3046875,2.2578125,2.29688125,503200,0
1996-10-23,2.2890625,2.29688125,2.25,2.28125,730400,0
1996-10-24,2.28125,2.2890625,2.25,2.26563125,391600,0
1996-10-25,2.25,2.26563125,2.23438125,2.2578125,500900,0
1996-10-28,2.2578125,2.26563125,2.23438125,2.23438125,254700,0
1996-10-29,2.23438125,2.25,2.1796875,2.21875,1053400,0
1996-10-30,2.21875,2.2265625,2.15625,2.1875,425400,0
1996-10-31,2.1875,2.21875,2.03125,2.03125,3980000,0
1996-11-01,2.0390625,2.0703125,2.01563125,2.0390625,1132000,0
1996-11-04,2.0546875,2.1171875,2.0390625,2.0898375,649200,0
1996-11-05,2.09375,2.14063125,2.0703125,2.1328125,794100,0
1996-11-06,2.1484375,2.1796875,2.14063125,2.15625,786800,0
1996-11-07,2.1640625,2.1875,2.1328125,2.1484375,379800,0
1996-11-08,2.1484375,2.15625,2.0703125,2.0859375,798600,0
1996-11-11,2.09375,2.1015625,2.0390625,2.09375,1097600,0
1996-11-12,2.09375,2.125,2.0859375,2.1015625,728400,0
1996-11-13,2.09375,2.10938125,1.98438125,1.9921875,1479200,0
1996-11-14,2.0,2.1875,1.9921875,2.1484375,2242200,0
1996-11-15,2.15625,2.15625,2.1015625,2.1328125,953700,0
1996-11-18,2.1328125,2.1953125,2.09375,2.1875,1540400,0
1996-11-19,2.1875,2.23438125,2.17188125,2.2265625,1553900,0
1996-11-20,2.2265625,2.2265625,2.1796875,2.20313125,779400,0
1996-11-21,2.1953125,2.2578125,2.17188125,2.2265625,1114800,0
1996-11-22,2.2265625,2.2890625,2.2265625,2.25,1172700,0
1996-11-25,2.25,2.2734375,2.23438125,2.25,390300,0
1996-11-26,2.25,2.28125,2.2109375,2.21875,573500,0
1996-11-27,2.2265625,2.2265625,2.1171875,2.1328125,1211700,0
1996-11-29,2.125,2.1796875,2.10938125,2.1640625,326500,0
1996-12-02,2.1796875,2.25,2.14063125,2.2421875,788600,0
1996-12-03,2.25,2.29688125,2.2265625,2.25,904500,0
1996-12-04,2.2421875,2.26563125,2.20313125,2.2109375,571100,0
1996-12-05,2.21875,2.21875,2.1171875,2.1328125,758600,0
1996-12-06,2.10938125,2.10938125,2.0546875,2.0585875,1381600,0
1996-12-09,2.0859375,2.1640625,2.0703125,2.15625,1223300,0
1996-12-10,2.1484375,2.15625,2.0859375,2.09375,574300,0
1996-12-11,2.0859375,2.09375,2.0234375,2.0703125,1118400,0
1996-12-12,2.07813125,2.09375,2.0546875,2.0664125,924200,0
1996-12-13,2.0546875,2.09375,2.03125,2.0546875,844200,0
1996-12-16,2.0625,2.0625,2.0,2.0,584100,0
1996-12-17,2.0,2.04688125,1.96875,1.9921875,712400,0
1996-12-18,1.9921875,2.0,1.89063125,1.9140625,1787500,0
1996-12-19,1.92188125,2.01563125,1.92188125,1.96875,1315700,0
1996-12-20,1.9921875,1.9921875,1.89063125,1.9140625,1192600,0
1996-12-23,1.92188125,1.9296875,1.84375,1.8515625,956300,0
1996-12-24,1.84375,1.8515625,1.8203125,1.8515625,659400,0
1996-12-26,1.8515625,1.96875,1.8046875,1.96875,1179000,0
1996-12-27,1.9609375,1.96875,1.89063125,1.90625,859800,0
1996-12-30,1.90625,1.9375,1.84375,1.8515625,1301200,0
1996-12-31,1.85938125,1.85938125,1.78125,1.7890625,1121600,0
1997-01-02,1.7890625,1.8046875,1.71875,1.73438125,1471300,0
1997-01-03,1.7421875,1.8828125,1.7109375,1.875,2761500,0
1997-01-06,1.8828125,1.8828125,1.8125,1.8515625,993000,0
1997-01-07,1.8359375,1.8828125,1.82813125,1.8515625,683500,0
1997-01-08,1.8515625,1.8671875,1.8359375,1.8359375,836800,0
1997-01-09,1.84375,1.89063125,1.8359375,1.85938125,576900,0
1997-01-10,1.85938125,1.92188125,1.8359375,1.8828125,860300,0
1997-01-13,1.8984375,1.9375,1.79688125,1.8203125,1116300,0
1997-01-14,1.8203125,1.84375,1.7734375,1.8046875,1094500,0
1997-01-15,1.79688125,1.875,1.79688125,1.875,803800,0
1997-01-16,1.8828125,1.89063125,1.8359375,1.8828125,600800,0
1997-01-17,1.8828125,2.0546875,1.8515625,2.03125,2862100,0
1997-01-20,2.0390625,2.04688125,1.9765625,2.0078125,1072300,0
1997-01-21,1.98438125,2.0078125,1.96875,2.0078125,352200,0
1997-01-22,2.0078125,2.10938125,1.9921875,2.10938125,1338300,0
1997-01-23,2.1015625,2.2421875,2.1015625,2.1875,2877100,0
1997-01-24,2.17188125,2.17188125,2.10938125,2.1484375,1325700,0
1997-01-27,2.15625,2.15625,2.1171875,2.1328125,555000,0
1997-01-28,2.15625,2.1953125,2.1328125,2.15625,566700,0
1997-01-29,2.14063125,2.1484375,2.04688125,2.1210875,1114300,0
1997-01-30,2.1171875,2.1953125,2.1171875,2.1484375,1164400,0
1997-01-31,2.14063125,2.1484375,2.10938125,2.14063125,463100,0
1997-02-03,2.14063125,2.25,2.1328125,2.23438125,1234000,0
1997-02-04,2.2421875,2.2421875,2.15625,2.21875,705300,0
1997-02-05,2.21875,2.26563125,2.21875,2.23438125,847500,0
1997-02-06,2.25,2.28125,2.1875,2.2578125,597000,0
1997-02-07,2.2421875,2.30078125,2.2421875,2.25,607800,0
1997-02-10,2.26563125,2.26563125,2.14063125,2.1875,725900,0
1997-02-11,2.1953125,2.1953125,2.10938125,2.15625,736400,0
1997-02-12,2.1640625,2.3203125,2.1484375,2.3125,1318800,0
1997-02-13,2.29688125,2.32813125,2.2734375,2.3203125,1019400,0
1997-02-14,2.32813125,2.32813125,2.2734375,2.2890625,411200,0
1997-02-18,2.28125,2.29688125,2.2265625,2.23438125,481800,0
1997-02-19,2.25,2.25,2.17188125,2.2109375,766800,0
1997-02-20,2.19726875,2.2109375,2.1640625,2.17578125,583200,0
1997-02-21,2.1796875,2.1796875,2.1484375,2.1640625,753600,0
1997-02-24,2.14063125,2.17188125,2.10938125,2.1328125,1123600,0
1997-02-25,2.1328125,2.14063125,2.09375,2.125,671900,0
1997-02-26,2.125,2.1328125,2.04688125,2.0703125,923700,0
1997-02-27,2.0625,2.15625,2.0625,2.14063125,900200,0
1997-02-28,2.14063125,2.15625,2.09375,2.1015625,798000,0
1997-03-03,2.1015625,2.1015625,2.03125,2.0703125,795900,0
1997-03-04,2.0625,2.1171875,2.0546875,2.09375,679100,0
1997-03-05,2.07813125,2.07813125,2.01171875,2.03125,1192300,0
1997-03-06,2.03125,2.03125,1.8984375,1.9296875,1696200,0
1997-03-07,1.95313125,1.9609375,1.9296875,1.9414125,1418900,0
1997-03-10,1.9453125,1.9453125,1.89063125,1.90625,730000,0
1997-03-11,1.90625,1.9140625,1.8359375,1.8359375,1484100,0
1997-03-12,1.8359375,1.8828125,1.8359375,1.8515625,2212200,0
1997-03-13,1.86035,1.8984375,1.8515625,1.8984375,1727200,0
1997-03-14,1.90625,2.01563125,1.89063125,1.96875,2059700,0
1997-03-17,1.96875,1.96875,1.875,1.92188125,1591900,0
1997-03-18,1.9375,2.0390625,1.9296875,2.0078125,776300,0
1997-03-19,2.0,2.0390625,1.9765625,2.0,515900,0
1997-03-20,2.0,2.0234375,1.90625,1.9453125,1197600,0
1997-03-21,1.9609375,1.9921875,1.9453125,1.96875,564300,0
1997-03-24,1.9765625,1.98438125,1.9375,1.95313125,480700,0
1997-03-25,1.95313125,2.01563125,1.9375,1.9765625,603800,0
1997-03-26,1.96875,2.0390625,1.9375,2.01563125,868400,0
1997-03-27,2.0234375,2.0234375,1.95313125,1.95313125,393200,0
1997-03-31,1.96875,1.96875,1.8515625,1.8515625,1078300,0
1997-04-01,1.8515625,1.8984375,1.8203125,1.89063125,1120800,0
1997-04-02,1.8984375,1.9296875,1.8359375,1.8515625,873300,0
1997-04-03,1.84375,1.85938125,1.76563125,1.8125,1346500,0
1997-04-04,1.8046875,1.9296875,1.7890625,1.92188125,1212100,0
1997-04-07,1.92188125,1.95313125,1.8828125,1.9140625,670200,0
1997-04-08,1.8984375,1.9453125,1.8984375,1.92188125,340800,0
1997-04-09,1.9375,1.9453125,1.8828125,1.8984375,471700,0
1997-04-10,1.8828125,1.89063125,1.84375,1.84375,814100,0
1997-04-11,1.8515625,1.8671875,1.76563125,1.78125,843800,0
1997-04-14,1.7890625,1.8203125,1.73438125,1.8203125,876400,0
1997-04-15,1.8359375,1.8828125,1.76563125,1.78125,834600,0
1997-04-16,1.79688125,1.79688125,1.7109375,1.7265625,1355100,0
1997-04-17,1.7421875,1.78125,1.64063125,1.70313125,1643700,0
1997-04-18,1.71875,1.8515625,1.6640625,1.8125,2174800,0
1997-04-21,1.79688125,1.8203125,1.7578125,1.7890625,1238000,0
1997-04-22,1.7890625,1.8203125,1.73438125,1.79688125,1445400,0
1997-04-23,1.7890625,1.8515625,1.7890625,1.82813125,1066700,0
1997-04-24,1.84375,1.875,1.71875,1.75,2704700,0
1997-04-25,1.75,1.75,1.6328125,1.70313125,2448600,0
1997-04-28,1.71875,1.7421875,1.6875,1.73046875,1073600,0
1997-04-29,1.78125,1.82813125,1.75,1.8125,988600,0
1997-04-30,1.8125,1.8828125,1.8046875,1.8671875,1092500,0
1997-05-01,1.8671875,1.90625,1.78125,1.82813125,1535400,0
1997-05-02,1.8203125,1.92188125,1.79688125,1.875,1416100,0
1997-05-05,1.8828125,1.8828125,1.8125,1.8671875,1573700,0
1997-05-06,1.85938125,1.85938125,1.8125,1.82813125,886300,0
1997-05-07,1.8203125,1.82813125,1.7773375,1.80078125,999700,0
1997-05-08,1.79688125,1.8046875,1.75,1.76953125,1194800,0
1997-05-09,1.7734375,1.78125,1.7421875,1.76563125,1087100,0
1997-05-12,1.76563125,1.79688125,1.7578125,1.78125,1045600,0
1997-05-13,1.79688125,1.79688125,1.76563125,1.79688125,456300,0
1997-05-14,1.79688125,1.82813125,1.78125,1.8125,897000,0
1997-05-15,1.8203125,1.82813125,1.79688125,1.8046875,662500,0
1997-05-16,1.875,1.90625,1.78125,1.8125,2336900,0
1997-05-19,1.8203125,1.92188125,1.8125,1.90625,3107500,0
1997-05-20,1.90625,1.92188125,1.8828125,1.91796875,1251300,0
1997-05-21,1.92188125,2.03125,1.9140625,2.0,2339600,0
1997-05-22,2.0078125,2.0078125,1.96875,1.9921875,1438500,0
1997-05-23,2.0,2.125,1.9921875,2.10938125,1785300,0
1997-05-27,2.09375,2.1015625,2.0546875,2.09375,1100200,0
1997-05-28,2.07813125,2.07813125,2.03125,2.04688125,1057300,0
1997-05-29,2.04688125,2.04688125,1.9296875,1.9765625,1532100,0
1997-05-30,1.9296875,2.0,1.9296875,1.96875,572400,0
1997-06-02,1.9765625,1.98438125,1.9375,1.94921875,690800,0
1997-06-03,1.95313125,1.98438125,1.9296875,1.94921875,703900,0
1997-06-04,1.9296875,1.9375,1.84375,1.89453125,1349500,0
1997-06-05,1.89453125,1.9140625,1.8710875,1.875,1416800,0
1997-06-06,1.8828125,1.8984375,1.8515625,1.8789125,1780500,0
1997-06-09,1.95313125,2.0078125,1.9375,1.98046875,3376000,0
1997-06-10,2.0078125,2.0585875,1.98438125,2.01563125,1351400,0
1997-06-11,2.03125,2.0625,2.01563125,2.0546875,1248000,0
1997-06-12,2.0625,2.1953125,2.0585875,2.1875,2422400,0
1997-06-13,2.1953125,2.3164125,2.17188125,2.3085875,3546700,0
1997-06-16,2.30078125,2.3125,2.2265625,2.28125,1889100,0
1997-06-17,2.2734375,2.29688125,2.2421875,2.2539125,1608400,0
1997-06-18,2.25,2.25,2.1796875,2.1796875,1243300,0
1997-06-19,2.1796875,2.25,2.15625,2.23438125,1479400,0
1997-06-20,2.23828125,2.2578125,2.2109375,2.23438125,742000,0
1997-06-23,2.23438125,2.29688125,2.21875,2.2734375,1153900,0
1997-06-24,2.2734375,2.45313125,2.26563125,2.44921875,3240300,0
1997-06-25,2.42188125,2.46875,2.40625,2.4453125,1869400,0
1997-06-26,2.4296875,2.4453125,2.375,2.4335875,1223500,0
1997-06-27,2.4375,2.4453125,2.42188125,2.4453125,1014800,0
1997-06-30,2.4296875,2.4453125,2.39063125,2.4335875,969100,0
1997-07-01,2.4375,2.4375,2.40625,2.41796875,702400,0
1997-07-02,2.4296875,2.4375,2.3515625,2.4101625,1147400,0
1997-07-03,2.40625,2.48828125,2.29688125,2.3203125,1756900,0
1997-07-07,2.32813125,2.32813125,2.20313125,2.2460875,1925300,0
1997-07-08,2.2578125,2.26563125,2.1953125,2.23438125,1382600,0
1997-07-09,2.23046875,2.29688125,2.23046875,2.2421875,1098300,0
1997-07-10,2.2421875,2.25,2.15625,2.1640625,1530400,0
1997-07-11,2.1640625,2.2734375,2.1328125,2.20313125,2252100,0
1997-07-14,2.2109375,2.2578125,2.1914125,2.2539125,749900,0
1997-07-15,2.2578125,2.32813125,2.2578125,2.3125,1536300,0
1997-07-16,2.3203125,2.3984375,2.3164125,2.3828125,1334000,0
1997-07-17,2.375,2.3828125,2.3125,2.32813125,615800,0
1997-07-18,2.32813125,2.3359375,2.26563125,2.3085875,818200,0
1997-07-21,2.3125,2.32813125,2.26563125,2.29688125,693100,0
1997-07-22,2.30078125,2.40625,2.25,2.3398375,1698600,0
1997-07-23,2.32813125,2.3359375,2.28125,2.3125,948000,0
1997-07-24,2.3125,2.3984375,2.3046875,2.38671875,1091900,0
1997-07-25,2.38671875,2.39063125,2.36328125,2.3710875,770300,0
1997-07-28,2.3671875,2.4296875,2.3671875,2.3789125,602200,0
1997-07-29,2.35938125,2.3710875,2.3125,2.34375,558700,0
1997-07-30,2.3359375,2.46875,2.3359375,2.45703125,970500,0
1997-07-31,2.4609375,2.6015625,2.45313125,2.5585875,3501600,0
1997-08-01,2.54688125,2.54688125,2.42578125,2.48046875,1155000,0
1997-08-04,2.48046875,2.48438125,2.39063125,2.41796875,873100,0
1997-08-05,2.42188125,2.53125,2.39063125,2.4765625,1065700,0
1997-08-06,2.5,2.5234375,2.4140625,2.42578125,728800,0
1997-08-07,2.4296875,2.48438125,2.39453125,2.4375,754600,0
1997-08-08,2.4453125,2.45313125,2.3125,2.3984375,1332600,0
1997-08-11,2.4101625,2.4140625,2.3203125,2.39063125,664500,0
1997-08-12,2.38671875,2.4375,2.3203125,2.34375,743200,0
1997-08-13,2.40625,2.5078125,2.39063125,2.48046875,1805200,0
1997-08-14,2.5,2.5859375,2.48438125,2.5859375,1990300,0
1997-08-15,2.5625,2.57813125,2.51563125,2.5273375,1309700,0
1997-08-18,2.5351625,2.54688125,2.4921875,2.54296875,1458900,0
1997-08-19,2.5546875,2.64063125,2.53125,2.60546875,1798500,0
1997-08-20,2.60938125,2.67578125,2.5859375,2.5976625,895500,0
1997-08-21,2.59375,2.6015625,2.53125,2.5625,1194300,0
1997-08-22,2.54296875,2.5859375,2.5234375,2.55078125,635400,0
1997-08-25,2.54296875,2.70313125,2.5390625,2.6796875,1763100,0
1997-08-26,2.6484375,2.6875,2.625,2.64453125,1192400,0
1997-08-27,2.64063125,2.6523375,2.59375,2.6171875,335800,0
1997-08-28,2.6015625,2.6328125,2.51563125,2.51563125,803300,0
1997-08-29,2.51563125,2.57813125,2.51563125,2.5625,636600,0
1997-09-02,2.5703125,2.6015625,2.54688125,2.5625,635100,0
1997-09-03,2.5546875,2.60546875,2.54688125,2.5546875,592600,0
1997-09-04,2.55078125,2.5625,2.5,2.51563125,446400,0
1997-09-05,2.5390625,2.54688125,2.48438125,2.5078125,457000,0
1997-09-08,2.53125,2.6171875,2.5234375,2.6015625,972600,0
1997-09-09,2.60546875,2.71875,2.59375,2.6796875,1517200,0
1997-09-10,2.6875,2.6875,2.625,2.6328125,877100,0
1997-09-11,2.6289125,2.64063125,2.5625,2.57813125,879800,0
1997-09-12,2.6015625,2.6875,2.5898375,2.66796875,603800,0
1997-09-15,2.66796875,2.7226625,2.65625,2.71875,907700,0
1997-09-16,2.71875,2.79688125,2.71875,2.7890625,2075100,0
1997-09-17,2.76563125,2.7734375,2.65625,2.7421875,2154000,0
1997-09-18,2.73438125,2.75,2.70313125,2.7226625,1016200,0
1997-09-19,2.7265625,2.7421875,2.6875,2.6875,920000,0
1997-09-22,2.6953125,2.75,2.6796875,2.6796875,599900,0
1997-09-23,2.6796875,2.6875,2.5390625,2.5664125,1123400,0
1997-09-24,2.5703125,2.6640625,2.5546875,2.65625,979600,0
1997-09-25,2.6523375,2.6640625,2.5703125,2.5859375,479700,0
1997-09-26,2.59375,2.625,2.53125,2.54688125,446500,0
1997-09-29,2.54688125,2.5859375,2.5390625,2.5703125,511100,0
1997-09-30,2.5703125,2.6289125,2.5546875,2.61328125,632600,0
1997-10-01,2.6015625,2.6171875,2.5234375,2.53125,2026000,0
1997-10-02,2.53125,2.53125,2.3515625,2.3710875,4145200,0
1997-10-03,2.40625,2.42188125,2.2773375,2.30078125,2463100,0
1997-10-06,2.3203125,2.375,2.2734375,2.36328125,2229500,0
1997-10-07,2.3984375,2.4375,2.375,2.41796875,1839100,0
1997-10-08,2.41796875,2.4335875,2.39063125,2.41796875,1206900,0
1997-10-09,2.40625,2.4296875,2.29688125,2.30078125,1545200,0
1997-10-10,2.30078125,2.32813125,2.26563125,2.3125,1077100,0
1997-10-13,2.3203125,2.3515625,2.28125,2.3085875,1118900,0
1997-10-14,2.3125,2.35938125,2.29688125,2.3476625,994500,0
1997-10-15,2.34375,2.3828125,2.32813125,2.3671875,970100,0
1997-10-16,2.3671875,2.3671875,2.28125,2.29688125,890100,0
1997-10-17,2.2890625,2.3671875,2.2578125,2.35938125,1066000,0
1997-10-20,2.3515625,2.40625,2.3046875,2.4023375,833300,0
1997-10-21,2.4375,2.45313125,2.3828125,2.4414125,1281100,0
1997-10-22,2.4453125,2.4453125,2.38671875,2.4140625,646000,0
1997-10-23,2.375,2.3828125,2.26563125,2.29688125,1101800,0
1997-10-24,2.32813125,2.3476625,2.2734375,2.28125,907100,0
1997-10-27,2.2578125,2.2734375,2.1875,2.1875,845300,0
1997-10-28,2.07813125,2.2265625,2.04688125,2.2265625,1716200,0
1997-10-29,2.2578125,2.29688125,2.21875,2.23438125,672500,0
1997-10-30,2.2265625,2.23438125,2.09375,2.1328125,1110600,0
1997-10-31,2.14063125,2.15625,2.0078125,2.0625,1710900,0
1997-11-03,2.0703125,2.1171875,2.01171875,2.0898375,1328000,0
1997-11-04,2.08203125,2.0859375,2.03125,2.0390625,1076800,0
1997-11-05,2.04688125,2.125,2.0390625,2.0859375,1686300,0
1997-11-06,2.07813125,2.1171875,2.04688125,2.1015625,952100,0
1997-11-07,2.0546875,2.10938125,2.01953125,2.0390625,871400,0
1997-11-10,2.0625,2.09375,2.0390625,2.0546875,537400,0
1997-11-11,2.0703125,2.0703125,2.0234375,2.0390625,445400,0
1997-11-12,2.01563125,2.03125,1.95313125,1.9648375,1196000,0
1997-11-13,1.98438125,2.0546875,1.95313125,2.0078125,1578900,0
1997-11-14,2.03125,2.1796875,2.0234375,2.17188125,1631800,0
1997-11-17,2.1875,2.2109375,2.1328125,2.1953125,1315200,0
1997-11-18,2.20313125,2.21875,2.1953125,2.20703125,672600,0
1997-11-19,2.20703125,2.20703125,2.15625,2.1640625,524900,0
1997-11-20,2.17188125,2.23438125,2.1484375,2.21875,562300,0
1997-11-21,2.2421875,2.25,2.1875,2.1875,459300,0
1997-11-24,2.1875,2.1875,2.1015625,2.14063125,871400,0
1997-11-25,2.15625,2.17188125,2.11328125,2.15625,414600,0
1997-11-26,2.1640625,2.1796875,2.10938125,2.14063125,601300,0
1997-11-28,2.13671875,2.1875,2.13671875,2.1796875,174500,0
1997-12-01,2.2265625,2.34375,2.21875,2.32421875,1386000,0
1997-12-02,2.32813125,2.40625,2.32813125,2.3515625,1426900,0
1997-12-03,2.3671875,2.4765625,2.35546875,2.4609375,1630500,0
1997-12-04,2.46875,2.5,2.39063125,2.4453125,1222700,0
1997-12-05,2.4296875,2.4921875,2.4296875,2.4765625,1347400,0
1997-12-08,2.46875,2.4921875,2.4414125,2.48828125,631400,0
1997-12-09,2.48438125,2.5,2.4140625,2.4296875,529200,0
1997-12-10,2.42188125,2.4609375,2.35938125,2.375,691200,0
1997-12-11,2.35938125,2.44921875,2.34375,2.3710875,634700,0
1997-12-12,2.3984375,2.4453125,2.3125,2.3671875,715500,0
1997-12-15,2.39063125,2.4375,2.35938125,2.4375,670600,0
1997-12-16,2.42188125,2.48438125,2.4140625,2.4726625,769500,0
1997-12-17,2.46875,2.4765625,2.42188125,2.44921875,447400,0
1997-12-18,2.4335875,2.45703125,2.4296875,2.4335875,510600,0
1997-12-19,2.42188125,2.44921875,2.375,2.4453125,909400,0
1997-12-22,2.4414125,2.5234375,2.4414125,2.5039125,1175400,0
1997-12-23,2.4921875,2.53125,2.48438125,2.48828125,696600,0
1997-12-24,2.48438125,2.5,2.45313125,2.45313125,364400,0
1997-12-26,2.45313125,2.46875,2.42578125,2.4453125,275900,0
1997-12-29,2.4375,2.45313125,2.42188125,2.4375,1317400,0
1997-12-30,2.4335875,2.4375,2.3984375,2.4023375,258400,0
1997-12-31,2.42188125,2.4335875,2.3828125,2.3984375,536400,0
1998-01-02,2.3984375,2.4140625,2.33203125,2.3515625,651100,0
1998-01-05,2.3515625,2.36133125,2.29688125,2.3203125,700600,0
1998-01-06,2.3203125,2.3359375,2.2226625,2.23046875,1230800,0
1998-01-07,2.21875,2.2773375,2.14063125,2.16796875,2164200,0
1998-01-08,2.1601625,2.25,2.125,2.23438125,1692800,0
1998-01-09,2.23438125,2.25,2.1484375,2.1953125,720600,0
1998-01-12,2.15625,2.2109375,2.14063125,2.1953125,1023900,0
1998-01-13,2.2109375,2.2265625,2.1875,2.2226625,477900,0
1998-01-14,2.2265625,2.2265625,2.1914125,2.19921875,365400,0
1998-01-15,2.1953125,2.20313125,2.10938125,2.125,797700,0
1998-01-16,2.1484375,2.1484375,2.10938125,2.12695,1094200,0
1998-01-20,2.14063125,2.2109375,2.1328125,2.1953125,983300,0
1998-01-21,2.1875,2.20313125,2.1289125,2.1328125,594600,0
1998-01-22,2.14063125,2.2890625,2.1015625,2.1328125,1951100,0
1998-01-23,2.1484375,2.21875,2.1328125,2.1796875,934500,0
1998-01-26,2.1953125,2.20313125,2.1328125,2.14063125,806300,0
1998-01-27,2.14063125,2.1484375,2.0703125,2.1015625,852700,0
1998-01-28,2.1171875,2.1953125,2.10938125,2.1796875,1295700,0
1998-01-29,2.19921875,2.3203125,2.1875,2.2851625,2337800,0
1998-01-30,2.29296875,2.30078125,2.2734375,2.2851625,632900,0
1998-02-02,2.3125,2.3671875,2.29296875,2.35938125,1357900,0
1998-02-03,2.3671875,2.4140625,2.32813125,2.3984375,1030400,0
1998-02-04,2.35938125,2.4375,2.3515625,2.42773125,774300,0
1998-02-05,2.4375,2.4414125,2.32813125,2.35938125,730700,0
1998-02-06,2.3671875,2.4453125,2.3671875,2.3828125,878400,0
1998-02-09,2.4023375,2.40625,2.28125,2.2890625,1213100,0
1998-02-10,2.3125,2.32813125,2.25,2.30078125,943200,0
1998-02-11,2.3125,2.3984375,2.29296875,2.35938125,1255400,0
1998-02-12,2.3671875,2.3710875,2.34375,2.36328125,821700,0
1998-02-13,2.35938125,2.39063125,2.3515625,2.3671875,438600,0
1998-02-17,2.375,2.41796875,2.3671875,2.3984375,833300,0
1998-02-18,2.4023375,2.42578125,2.39453125,2.4140625,391500,0
1998-02-19,2.4140625,2.4140625,2.3125,2.32421875,841100,0
1998-02-20,2.32813125,2.35938125,2.2890625,2.34375,925400,0
1998-02-23,2.34375,2.39063125,2.34375,2.36328125,611700,0
1998-02-24,2.3671875,2.39063125,2.25,2.2890625,1406500,0
1998-02-25,2.3046875,2.3828125,2.29688125,2.35938125,1157100,0
1998-02-26,2.375,2.5078125,2.3710875,2.4921875,2563100,0
1998-02-27,2.48438125,2.4960875,2.4453125,2.4726625,1200300,0
1998-03-02,2.4726625,2.5664125,2.46875,2.54296875,1881200,0
1998-03-03,2.5351625,2.57813125,2.5078125,2.51953125,1079000,0
1998-03-04,2.51563125,2.5253875,2.4296875,2.46875,963100,0
1998-03-05,2.39063125,2.45313125,2.3828125,2.4101625,610500,0
1998-03-06,2.42188125,2.4921875,2.40625,2.44921875,857000,0
1998-03-09,2.4296875,2.51563125,2.42188125,2.4960875,833600,0
1998-03-10,2.51171875,2.53125,2.46875,2.5234375,565800,0
1998-03-11,2.59375,2.625,2.5703125,2.60938125,1202400,0
1998-03-12,2.6171875,2.6210875,2.53125,2.5625,512400,0
1998-03-13,2.5625,2.5703125,2.51563125,2.53125,386400,0
1998-03-16,2.53125,2.5390625,2.5078125,2.5273375,203500,0
1998-03-17,2.51953125,2.5898375,2.5,2.5625,540200,0
1998-03-18,2.5703125,2.5859375,2.5546875,2.5625,269800,0
1998-03-19,2.5625,2.5703125,2.5390625,2.5546875,420500,0
1998-03-20,2.5664125,2.6171875,2.54688125,2.6015625,798800,0
1998-03-23,2.60546875,2.60546875,2.54296875,2.55078125,215500,0
1998-03-24,2.5585875,2.6328125,2.53125,2.6210875,770000,0
1998-03-25,2.6328125,2.6953125,2.60938125,2.65625,1237300,0
1998-03-26,2.64063125,2.6953125,2.5859375,2.6914125,1049400,0
1998-03-27,2.69921875,2.69921875,2.6484375,2.67188125,583000,0
1998-03-30,2.7226625,2.82421875,2.71875,2.8046875,2081000,0
1998-03-31,2.8046875,2.9023375,2.79296875,2.83203125,1501700,0
1998-04-01,2.8359375,2.8984375,2.79688125,2.8789125,1848700,0
1998-04-02,2.8671875,2.98438125,2.8671875,2.88671875,1804100,0
1998-04-03,2.875,2.92578125,2.82813125,2.8984375,973600,0
1998-04-06,2.90625,2.95313125,2.76171875,2.7773375,1072200,0
1998-04-07,2.78125,2.78125,2.70313125,2.7265625,853000,0
1998-04-08,2.7421875,2.7421875,2.6953125,2.70703125,439900,0
1998-04-09,2.7109375,2.71875,2.65625,2.6953125,579500,0
1998-04-13,2.70313125,2.7421875,2.6953125,2.71875,595100,0
1998-04-14,2.7148375,2.79688125,2.7148375,2.78125,737600,0
1998-04-15,2.7890625,2.85938125,2.78125,2.8359375,695100,0
1998-04-16,2.8125,2.8359375,2.7734375,2.82421875,292200,0
1998-04-17,2.80078125,2.8476625,2.79688125,2.8476625,562800,0
1998-04-20,2.8164125,2.875,2.8164125,2.84375,331600,0
1998-04-21,2.84375,2.84375,2.7578125,2.82813125,623200,0
1998-04-22,2.82813125,2.9296875,2.8203125,2.90625,668400,0
1998-04-23,2.8984375,2.95313125,2.8203125,2.91796875,1162000,0
1998-04-24,2.9140625,3.0546875,2.9023375,3.0078125,1770400,0
1998-04-27,2.98046875,2.98046875,2.82421875,2.8398375,965500,0
1998-04-28,2.85938125,2.8984375,2.8125,2.8164125,749600,0
1998-04-29,2.89453125,2.98438125,2.8515625,2.90625,2083400,0
1998-04-30,2.9765625,3.0625,2.9648375,3.0078125,1871800,0
1998-05-01,3.01563125,3.03125,2.96875,2.98828125,1071300,0
1998-05-04,3.0,3.0234375,2.98438125,2.9921875,835400,0
1998-05-05,3.0078125,3.0078125,2.91796875,2.9335875,900000,0
1998-05-06,2.9296875,2.96875,2.90625,2.93945,744900,0
1998-05-07,2.9375,2.94921875,2.8984375,2.9023375,530800,0
1998-05-08,2.8984375,2.9296875,2.89063125,2.91796875,508400,0
1998-05-11,2.9296875,2.9609375,2.9140625,2.91796875,927800,0
1998-05-12,2.9296875,2.9296875,2.85938125,2.92188125,540800,0
1998-05-13,2.9140625,3.01563125,2.90625,3.0039125,551700,0
1998-05-14,2.98438125,3.0234375,2.96875,2.9960875,626700,0
1998-05-15,3.0078125,3.0078125,2.9375,2.9375,436900,0
1998-05-18,2.9375,2.9609375,2.9140625,2.9453125,402000,0
1998-05-19,2.94921875,3.01563125,2.9375,2.9921875,443200,0
1998-05-20,3.01563125,3.10938125,3.0039125,3.0664125,943500,0
1998-05-21,3.0625,3.1171875,2.95313125,3.0,868200,0
1998-05-22,3.0039125,3.0078125,2.9375,2.9375,372600,0
1998-05-26,2.95313125,2.96875,2.82813125,2.8359375,703500,0
1998-05-27,2.8203125,2.9140625,2.78125,2.89453125,911600,0
1998-05-28,2.90625,3.0585875,2.89063125,3.04688125,1425500,0
1998-05-29,3.0585875,3.0703125,2.9414125,3.0,852400,0
1998-06-01,2.9765625,2.98438125,2.92578125,2.9453125,294100,0
1998-06-02,2.95703125,2.98438125,2.9101625,2.95313125,337500,0
1998-06-03,2.96875,3.01563125,2.92188125,2.92188125,493200,0
1998-06-04,2.95313125,2.9765625,2.9140625,2.96875,239300,0
1998-06-05,2.98828125,3.03125,2.96875,2.9921875,403200,0
1998-06-08,3.0078125,3.11328125,2.9921875,3.0859375,721600,0
1998-06-09,3.09375,3.09375,3.0546875,3.0664125,468700,0
1998-06-10,3.0625,3.09375,3.01563125,3.01953125,406700,0
1998-06-11,3.0234375,3.0585875,2.98438125,3.0,564800,0
1998-06-12,3.0,3.0859375,2.98438125,3.0703125,879600,0
1998-06-15,3.0546875,3.17188125,3.0546875,3.1210875,1325000,0
1998-06-16,3.17188125,3.20703125,3.0859375,3.14453125,939700,0
1998-06-17,3.1484375,3.38476875,3.125,3.36328125,2578900,0
1998-06-18,3.35938125,3.36328125,3.2148375,3.21875,1535600,0
1998-06-19,3.2265625,3.23438125,3.0703125,3.0976625,2105700,0
1998-06-22,3.09375,3.1875,3.07813125,3.10546875,947500,0
1998-06-23,3.1328125,3.17578125,2.98438125,3.0390625,1260900,0
1998-06-24,3.03125,3.2148375,3.0234375,3.1953125,2670000,0
1998-06-25,3.2265625,3.32813125,3.21875,3.2851625,2168700,0
1998-06-26,3.28125,3.3828125,3.26563125,3.3828125,663400,0
1998-06-29,3.35938125,3.42188125,3.3359375,3.375,990000,0
1998-06-30,3.35938125,3.375,3.32813125,3.3398375,690300,0
1998-07-01,3.3515625,3.3515625,3.25,3.2890625,1520200,0
1998-07-02,3.35938125,3.5703125,3.3203125,3.5390625,2205000,0
1998-07-06,3.57813125,3.7460875,3.5390625,3.6289125,2293400,0
1998-07-07,3.6523375,3.6640625,3.5039125,3.5039125,1137600,0
1998-07-08,3.51171875,3.6015625,3.51171875,3.5703125,560200,0
1998-07-09,3.5859375,3.64063125,3.54296875,3.61328125,614900,0
1998-07-10,3.6171875,3.6171875,3.5039125,3.5664125,433300,0
1998-07-13,3.57813125,3.67188125,3.5234375,3.6171875,647600,0
1998-07-14,3.6328125,3.6484375,3.54688125,3.54688125,437600,0
1998-07-15,3.5625,3.57813125,3.4921875,3.5234375,780200,0
1998-07-16,3.51563125,3.51563125,3.4335875,3.4453125,826700,0
1998-07-17,3.45703125,3.57813125,3.45703125,3.5390625,929300,0
1998-07-20,3.5625,3.5625,3.4765625,3.5078125,294700,0
1998-07-21,3.51563125,3.5625,3.4453125,3.5234375,629500,0
1998-07-22,3.5078125,3.5273375,3.46875,3.4765625,959600,0
1998-07-23,3.46875,3.53125,3.4375,3.4609375,552400,0
1998-07-24,3.34375,3.375,2.8828125,2.9921875,9694200,0
1998-07-27,3.0390625,3.0390625,2.88671875,2.89063125,3331000,0
1998-07-28,2.8984375,2.9765625,2.8789125,2.89063125,1294000,0
1998-07-29,2.9375,2.96875,2.92188125,2.9414125,1116600,0
1998-07-30,2.95703125,2.96875,2.89063125,2.96875,1176900,0
1998-07-31,2.7109375,2.73828125,2.6015625,2.6171875,5709300,0
1998-08-03,2.63671875,2.64453125,2.4765625,2.5273375,3280800,0
1998-08-04,2.5585875,2.64063125,2.5546875,2.58398125,4037600,0
1998-08-05,2.6015625,2.60938125,2.42188125,2.45313125,2098900,0
1998-08-06,2.46875,2.5625,2.4375,2.5546875,1812200,0
1998-08-07,2.59375,2.65625,2.58203125,2.63866875,1373400,0
1998-08-10,2.6523375,2.6953125,2.5859375,2.65625,818700,0
1998-08-11,2.625,2.625,2.54296875,2.54296875,1003300,0
1998-08-12,2.57813125,2.6328125,2.5625,2.60938125,1010200,0
1998-08-13,2.6210875,2.65625,2.6171875,2.6210875,513500,0
1998-08-14,2.6484375,2.6484375,2.39063125,2.40625,2035900,0
1998-08-17,2.4296875,2.53125,2.3710875,2.4921875,1748000,0
1998-08-18,2.5,2.6640625,2.5,2.6523375,1681600,0
1998-08-19,2.6796875,2.70313125,2.625,2.67188125,2117700,0
1998-08-20,2.67188125,2.67188125,2.57813125,2.60938125,892000,0
1998-08-21,2.5703125,2.5703125,2.41796875,2.4765625,2244600,0
1998-08-24,2.5,2.5390625,2.40625,2.4101625,1295000,0
1998-08-25,2.4414125,2.4414125,2.23438125,2.28125,2723100,0
1998-08-26,2.2539125,2.2539125,2.1640625,2.17578125,2314500,0
1998-08-27,2.14063125,2.16796875,1.98438125,2.13671875,2748300,0
1998-08-28,2.10938125,2.1210875,1.9296875,2.04296875,3196800,0
1998-08-31,2.0546875,2.14063125,1.96875,1.9726625,1811800,0
1998-09-01,1.9921875,2.0546875,1.89063125,2.0351625,2837300,0
1998-09-02,2.04688125,2.1015625,2.0351625,2.0546875,1824100,0
1998-09-03,2.0234375,2.03125,1.9023375,1.9453125,1213700,0
1998-09-04,1.96875,2.0,1.9375,1.94921875,1265700,0
1998-09-08,2.0234375,2.09375,1.98828125,2.07813125,1693300,0
1998-09-09,2.07813125,2.14063125,2.01563125,2.0546875,1443200,0
1998-09-10,2.01171875,2.01171875,1.9140625,1.98046875,837100,0
1998-09-11,1.98046875,2.01563125,1.95313125,2.0039125,668600,0
1998-09-14,2.03125,2.08203125,1.9921875,1.9960875,889800,0
1998-09-15,2.0078125,2.0078125,1.9609375,1.9960875,504000,0
1998-09-16,2.0078125,2.0078125,1.9375,1.95703125,1229600,0
1998-09-17,1.92188125,1.9296875,1.8125,1.82421875,1711600,0
1998-09-18,1.8476625,1.9023375,1.82813125,1.8789125,2792700,0
1998-09-21,1.8671875,1.8828125,1.79688125,1.86328125,995400,0
1998-09-22,1.8828125,1.92578125,1.8671875,1.9023375,2630300,0
1998-09-23,1.9375,2.0664125,1.9296875,2.0585875,3381900,0
1998-09-24,2.0625,2.3203125,2.0585875,2.2265625,4188300,0
1998-09-25,2.1914125,2.2578125,2.17188125,2.23828125,1726900,0
1998-09-28,2.3515625,2.64063125,2.3359375,2.5625,5442000,0
1998-09-29,2.5976625,2.6015625,2.35938125,2.36328125,3532700,0
1998-09-30,2.36328125,2.36328125,2.23438125,2.26171875,2012300,0
1998-10-01,2.21875,2.2265625,2.04296875,2.0664125,2616900,0
1998-10-02,2.17188125,2.3046875,2.14063125,2.28125,4117700,0
1998-10-05,2.20703125,2.30078125,2.15625,2.28125,2101000,0
1998-10-06,2.30078125,2.38671875,2.1914125,2.3085875,2153200,0
1998-10-07,2.3125,2.35938125,2.17188125,2.2109375,1762400,0
1998-10-08,2.125,2.1835875,1.96875,2.1328125,2759600,0
1998-10-09,2.1484375,2.2265625,2.0625,2.1875,1134000,0
1998-10-12,2.26563125,2.3398375,2.2421875,2.2578125,1020300,0
1998-10-13,2.25,2.2734375,2.1328125,2.1796875,902900,0
1998-10-14,2.1640625,2.2109375,2.1171875,2.14063125,1156900,0
1998-10-15,2.15625,2.32813125,2.14063125,2.2773375,2079400,0
1998-10-16,2.29688125,2.4609375,2.29296875,2.3710875,2565500,0
1998-10-19,2.3710875,2.42578125,2.2773375,2.32421875,1330300,0
1998-10-20,2.3515625,2.45313125,2.33203125,2.3359375,1253300,0
1998-10-21,2.35938125,2.375,2.3046875,2.32813125,768600,0
1998-10-22,2.33203125,2.4101625,2.28125,2.40625,980900,0
1998-10-23,2.3984375,2.45703125,2.3164125,2.32813125,1055700,0
1998-10-26,2.3828125,2.42188125,2.3671875,2.4140625,642300,0
1998-10-27,2.4375,2.4765625,2.3984375,2.42578125,859700,0
1998-10-28,2.42188125,2.48438125,2.3828125,2.46875,859300,0
1998-10-29,2.4648375,2.5039125,2.3984375,2.4648375,615800,0
1998-10-30,2.5703125,2.76563125,2.5664125,2.7109375,4746900,0
1998-11-02,2.7265625,2.9296875,2.70313125,2.92578125,1889200,0
1998-11-03,2.92188125,2.92578125,2.71875,2.83203125,2703500,0
1998-11-04,2.85546875,2.9609375,2.8515625,2.92578125,1850100,0
1998-11-05,2.9140625,3.07813125,2.8828125,3.05078125,1652300,0
1998-11-06,3.04688125,3.0625,3.0,3.0585875,1047800,0
1998-11-09,3.0273375,3.0273375,2.82813125,2.8984375,1840400,0
1998-11-10,2.89453125,2.9375,2.8359375,2.92188125,1088800,0
1998-11-11,2.95313125,2.9648375,2.8046875,2.83203125,768500,0
1998-11-12,2.8203125,2.8710875,2.78125,2.8164125,753400,0
1998-11-13,2.65625,2.7578125,2.5625,2.6835875,2703100,0
1998-11-16,2.71875,2.7734375,2.6953125,2.7148375,1327900,0
1998-11-17,2.7265625,2.7773375,2.6601625,2.7734375,988400,0
1998-11-18,2.7734375,2.7773375,2.5625,2.64063125,3377700,0
1998-11-19,2.6484375,2.76563125,2.64063125,2.7460875,1449800,0
1998-11-20,2.7539125,2.79296875,2.73046875,2.7421875,848000,0
1998-11-23,2.76563125,2.89453125,2.76563125,2.875,1477300,0
1998-11-24,2.875,2.9609375,2.8710875,2.92188125,1387300,0
1998-11-25,2.9140625,2.9375,2.8515625,2.89063125,511300,0
1998-11-27,2.9140625,2.9335875,2.89063125,2.92188125,125700,0
1998-11-30,2.92188125,2.9296875,2.875,2.8828125,851700,0
1998-12-01,2.9414125,3.14063125,2.9414125,3.1289125,2708100,0
1998-12-02,3.125,3.1289125,2.9765625,3.0585875,1010200,0
1998-12-03,3.0390625,3.0625,2.9921875,3.05078125,670300,0
1998-12-04,3.0546875,3.10938125,3.0234375,3.0585875,485500,0
1998-12-07,3.03125,3.1171875,3.03125,3.11328125,442900,0
1998-12-08,3.09375,3.20703125,3.09375,3.10938125,862300,0
1998-12-09,3.1484375,3.2109375,3.1328125,3.1875,982600,0
1998-12-10,3.1796875,3.2148375,2.9765625,3.01171875,903000,0
1998-12-11,3.0,3.15625,2.95313125,3.13671875,1408900,0
1998-12-14,3.1210875,3.1914125,3.07421875,3.09375,938800,0
1998-12-15,3.14063125,3.2148375,3.10938125,3.19921875,761300,0
1998-12-16,3.2226625,3.26563125,3.1171875,3.125,940800,0
1998-12-17,3.15625,3.2109375,3.0859375,3.20313125,940200,0
1998-12-18,3.2109375,3.41796875,3.20313125,3.3359375,1859300,0
1998-12-21,3.33203125,3.34375,3.1914125,3.29688125,1828700,0
1998-12-22,3.2773375,3.2773375,3.15625,3.1835875,750900,0
1998-12-23,3.1875,3.26563125,3.1640625,3.20313125,1002600,0
1998-12-24,3.21875,3.3046875,3.1953125,3.2734375,403500,0
1998-12-28,3.2890625,3.3125,3.17188125,3.20703125,574300,0
1998-12-29,3.2109375,3.3046875,3.15625,3.29688125,631300,0
1998-12-30,3.3046875,3.4375,3.28125,3.4140625,1092500,0
1998-12-31,3.4375,3.51563125,3.32813125,3.5078125,889000,0
1999-01-04,3.4765625,3.5,3.29688125,3.3671875,1468400,0
1999-01-05,2.9453125,3.26563125,2.9296875,3.25,6060200,0
1999-01-06,3.26171875,3.29688125,3.17188125,3.2226625,2191900,0
1999-01-07,3.17578125,3.2734375,3.17188125,3.23438125,1652500,0
1999-01-08,3.25,3.3203125,3.23046875,3.3046875,1303400,0
1999-01-11,3.3085875,3.36328125,3.2734375,3.3125,959800,0
1999-01-12,3.32421875,3.3671875,3.3203125,3.32421875,1136900,0
1999-01-13,3.25,3.32813125,3.1484375,3.29491875,1061800,0
1999-01-14,3.3125,3.3378875,3.28125,3.29688125,974700,0
1999-01-15,3.2890625,3.2890625,3.23438125,3.28125,1394500,0
1999-01-19,3.2890625,3.375,3.2851625,3.375,480500,0
1999-01-20,3.3828125,3.46875,3.3789125,3.41796875,1047900,0
1999-01-21,3.3828125,3.39453125,3.20313125,3.29688125,1737700,0
1999-01-22,3.17188125,3.2578125,3.1171875,3.1289125,1772300,0
1999-01-25,3.15625,3.17188125,3.08203125,3.1289125,1096200,0
1999-01-26,3.1328125,3.1875,3.125,3.1796875,1373400,0
1999-01-27,3.1796875,3.1875,3.01563125,3.0546875,946000,0
1999-01-28,3.0898375,3.10938125,3.0390625,3.0585875,1055800,0
1999-01-29,3.1640625,3.3125,3.1484375,3.2539125,2144300,0
1999-02-01,3.2578125,3.3515625,3.1875,3.20313125,755400,0
1999-02-02,3.1875,3.2109375,3.10938125,3.13671875,792300,0
1999-02-03,3.1289125,3.25,3.125,3.2460875,527400,0
1999-02-04,3.2460875,3.2460875,3.14453125,3.1835875,733100,0
1999-02-05,3.17188125,3.1875,3.10546875,3.1171875,1223200,0
1999-02-08,3.1640625,3.17188125,3.07421875,3.1289125,506000,0
1999-02-09,3.10938125,3.1289125,3.05078125,3.05078125,1023500,0
1999-02-10,3.05078125,3.05078125,2.9609375,3.0,2532800,0
1999-02-11,3.0078125,3.10938125,2.98438125,3.10938125,1870400,0
1999-02-12,3.0976625,3.10938125,2.98828125,3.00195,1131900,0
1999-02-16,3.0234375,3.09375,2.9609375,3.0,821600,0
1999-02-17,2.9726625,3.0234375,2.8984375,2.9101625,1111600,0
1999-02-18,2.94921875,2.96875,2.8984375,2.9335875,892800,0
1999-02-19,2.92188125,3.0351625,2.92188125,3.0234375,937900,0
1999-02-22,3.03125,3.1210875,3.01563125,3.1171875,939300,0
1999-02-23,3.20703125,3.35938125,3.20703125,3.2734375,1919600,0
1999-02-24,3.3046875,3.38671875,3.23438125,3.25,1137000,0
1999-02-25,3.26563125,3.26563125,3.1796875,3.20703125,573100,0
1999-02-26,3.26563125,3.34375,3.2265625,3.3046875,919400,0
1999-03-01,3.3359375,3.38671875,3.2578125,3.3671875,939100,0
1999-03-02,3.40625,3.4960875,3.3710875,3.42188125,1199900,0
1999-03-03,3.42578125,3.4296875,3.375,3.4140625,1194400,0
1999-03-04,3.4414125,3.5703125,3.4296875,3.5351625,1463200,0
1999-03-05,3.5625,3.6953125,3.55078125,3.67188125,1665600,0
1999-03-08,3.6875,3.8125,3.6796875,3.8046875,1680900,0
1999-03-09,3.79688125,3.80078125,3.70313125,3.73828125,1542200,0
1999-03-10,3.75,3.8398375,3.7421875,3.8359375,762000,0
1999-03-11,3.82813125,3.98438125,3.8125,3.82813125,1623000,0
1999-03-12,3.84375,3.8671875,3.75,3.7539125,757400,0
1999-03-15,3.7734375,3.8046875,3.7734375,3.79296875,758000,0
1999-03-16,3.7890625,3.8164125,3.7460875,3.79688125,721500,0
1999-03-17,3.7890625,3.83203125,3.76563125,3.7890625,632300,0
1999-03-18,3.79296875,3.8828125,3.70313125,3.7851625,1141900,0
1999-03-19,3.7890625,3.79296875,3.4921875,3.5039125,1800400,0
1999-03-22,3.65625,3.75,3.5390625,3.7109375,3065500,0
1999-03-23,3.7421875,3.796875,3.484375,3.578125,2360300,0
1999-03-24,3.65625,3.6640625,3.578125,3.6328125,1928700,0
1999-03-25,3.6796875,3.734375,3.546875,3.640625,1263400,0
1999-03-26,3.625,3.640625,3.546875,3.546875,855000,0
1999-03-29,3.609375,3.671875,3.5390625,3.671875,1116100,0
1999-03-30,3.6328125,3.6328125,3.515625,3.53125,1206500,0
1999-03-31,3.5625,3.71875,3.5,3.5078125,2339300,0
1999-04-01,3.53125,3.703125,3.53125,3.703125,895200,0
1999-04-05,3.859375,3.8984375,3.75,3.8515625,2050400,0
1999-04-06,3.9140625,4.1171875,3.84375,3.84375,3657700,0
1999-04-07,3.96875,3.984375,3.796875,3.875,1062700,0
1999-04-08,3.921875,4.0,3.8515625,3.984375,1007000,0
1999-04-09,3.984375,4.0546875,3.921875,4.046875,924000,0
1999-04-12,4.0390625,4.078125,3.96875,4.0546875,800300,0
1999-04-13,4.0390625,4.1171875,3.9375,4.0,1265400,0
1999-04-14,4.0,4.140625,3.9375,3.9375,1341900,0
1999-04-15,3.953125,4.078125,3.828125,4.0703125,1848200,0
1999-04-16,4.109375,4.109375,3.96875,3.9921875,889200,0
1999-04-19,4.015625,4.140625,3.671875,3.6953125,1583300,0
1999-04-20,3.71875,3.90625,3.703125,3.8515625,991100,0
1999-04-21,3.8515625,3.90625,3.7578125,3.8984375,1419900,0
1999-04-22,3.90625,4.1015625,3.8515625,4.09375,2011100,0
1999-04-23,4.0859375,4.125,3.9140625,4.0,2226200,0
1999-04-26,4.0625,4.484375,4.046875,4.2890625,3339400,0
1999-04-27,4.375,4.875,4.359375,4.875,3438800,0
1999-04-28,4.828125,4.828125,4.5,4.5546875,3268300,0
1999-04-29,4.5625,4.640625,4.375,4.4921875,1498000,0
1999-04-30,4.5234375,4.8046875,4.515625,4.6171875,1262900,0
1999-05-03,4.6875,4.8203125,4.59375,4.6875,976500,0
1999-05-04,4.6953125,4.7890625,4.53125,4.546875,1407700,0
1999-05-05,4.5703125,4.703125,4.484375,4.6875,1352600,0
1999-05-06,4.6484375,4.671875,4.390625,4.40625,1170300,0
1999-05-07,4.375,4.390625,4.1953125,4.328125,1343200,0
1999-05-10,4.375,4.71875,4.3359375,4.6328125,1403300,0
1999-05-11,4.6328125,5.0,4.5234375,4.8359375,3285400,0
1999-05-12,5.0,5.125,4.8203125,4.96875,4910300,0
1999-05-13,4.9765625,5.015625,4.796875,4.8359375,1311100,0
1999-05-14,4.8125,4.8828125,4.71875,4.8203125,1024200,0
1999-05-17,4.8125,4.953125,4.640625,4.9375,1291500,0
1999-05-18,4.9609375,4.9609375,4.5234375,4.5859375,2384300,0
1999-05-19,4.640625,4.8125,4.53125,4.6328125,1401700,0
1999-05-20,4.65625,4.8125,4.53125,4.53125,1076600,0
1999-05-21,4.5859375,4.796875,4.546875,4.5703125,1074200,0
1999-05-24,4.609375,4.65625,4.28125,4.3125,1734700,0
1999-05-25,4.328125,4.53125,4.21875,4.2265625,1783600,0
1999-05-26,4.4140625,4.5546875,4.296875,4.5546875,1489800,0
1999-05-27,4.5546875,4.609375,4.375,4.4609375,1303900,0
1999-05-28,4.5859375,4.7265625,4.5,4.609375,1653700,0
1999-06-01,4.609375,4.625,4.375,4.390625,1081000,0
1999-06-02,4.40625,4.71875,4.3984375,4.71875,1179900,0
1999-06-03,4.6875,4.6875,4.4375,4.4921875,2027100,0
1999-06-04,4.5,4.5625,4.421875,4.5,1133100,0
1999-06-07,4.515625,4.6015625,4.4140625,4.519525,849100,0
1999-06-08,4.53125,4.5703125,4.3125,4.4140625,1737600,0
1999-06-09,4.453125,4.484375,4.203125,4.3515625,2218400,0
1999-06-10,4.34375,4.5,4.3125,4.4296875,1918500,0
1999-06-11,4.4375,4.546875,4.359375,4.375,1175400,0
1999-06-14,4.4140625,4.5,4.3671875,4.390625,930700,0
1999-06-15,4.375,4.609375,4.359375,4.5859375,1427500,0
1999-06-16,4.609375,4.703125,4.4296875,4.671875,1804400,0
1999-06-17,4.6328125,4.7734375,4.546875,4.640625,2006400,0
1999-06-18,4.609375,4.640625,4.5625,4.6171875,1487000,0
1999-06-21,4.6171875,4.8125,4.609375,4.8125,1367200,0
1999-06-22,4.7578125,4.8125,4.515625,4.515625,1087400,0
1999-06-23,4.5546875,4.734375,4.515625,4.7265625,1644600,0
1999-06-24,4.734375,4.7578125,4.578125,4.59375,1730900,0
1999-06-25,4.59375,4.625,4.359375,4.4375,1770000,0
1999-06-28,4.46875,4.4921875,4.1796875,4.265625,3529900,0
1999-06-29,4.296875,4.5390625,4.2421875,4.5390625,2395300,0
1999-06-30,4.53125,4.71875,4.4375,4.6953125,2848000,0
1999-07-01,3.0332,3.375,2.9296875,3.3671875,73188200,0
1999-07-02,3.3671875,3.546875,3.3671875,3.4453125,17459800,0
1999-07-06,3.484375,3.5,3.3125,3.3203125,6884800,0
1999-07-07,3.265625,3.265625,3.1015625,3.125,10463900,0
1999-07-08,3.1328125,3.140625,3.046875,3.078125,5388000,0
1999-07-09,3.078125,3.2441375,3.0703125,3.1328125,4061700,0
1999-07-12,3.203125,3.203125,3.1328125,3.140625,2612400,0
1999-07-13,3.15625,3.2265625,3.125,3.203125,2530100,0
1999-07-14,3.21875,3.3203125,3.1484375,3.3125,2827100,0
1999-07-15,3.359375,3.40625,3.203125,3.230475,2920800,0
1999-07-16,3.28125,3.3359375,3.15625,3.171875,2428600,0
1999-07-19,3.21875,3.21875,3.109375,3.125,3225100,0
1999-07-20,3.125,3.1796875,3.078125,3.109375,2127600,0
1999-07-21,3.125,3.1640625,3.09375,3.15625,2604900,0
1999-07-22,3.1484375,3.15625,2.9765625,2.9921875,3672400,0
1999-07-23,3.125,3.25,3.109375,3.234375,4989000,0
1999-07-26,3.2265625,3.234375,3.078125,3.1015625,2226500,0
1999-07-27,3.1328125,3.1484375,3.0625,3.1171875,2384100,0
1999-07-28,3.109375,3.125,3.046875,3.0703125,1247500,0
1999-07-29,3.0625,3.0625,2.96875,3.0,1613500,0
1999-07-30,3.0625,3.15625,2.8984375,2.90625,2953300,0
1999-08-02,2.9375,2.953125,2.8671875,2.8671875,2200200,0
1999-08-03,2.8984375,2.921875,2.8046875,2.828125,1708000,0
1999-08-04,2.84375,2.84375,2.7265625,2.734375,2222700,0
1999-08-05,2.75,2.765625,2.671875,2.7578125,2044700,0
1999-08-06,2.7578125,2.7578125,2.6171875,2.640625,3167400,0
1999-08-09,2.703125,2.703125,2.59375,2.6015625,2052000,0
1999-08-10,2.6015625,2.6328125,2.484375,2.5078125,3740400,0
1999-08-11,2.5703125,2.6953125,2.53125,2.6953125,4517900,0
1999-08-12,2.7421875,2.765625,2.5703125,2.5703125,3214800,0
1999-08-13,2.6171875,2.65625,2.5078125,2.5859375,3166900,0
1999-08-16,2.640625,2.6484375,2.53125,2.609375,1857500,0
1999-08-17,2.625,2.6328125,2.5078125,2.5546875,3905900,0
1999-08-18,2.6015625,2.6640625,2.5234375,2.578125,2813900,0
1999-08-19,2.5859375,2.6171875,2.546875,2.5625,1429600,0
1999-08-20,2.59375,2.609375,2.515625,2.5625,1521900,0
1999-08-23,2.59375,2.6875,2.578125,2.6875,2175800,0
1999-08-24,2.65625,2.796875,2.6484375,2.71875,4325900,0
1999-08-25,2.7421875,2.7421875,2.6308625,2.6953125,2482700,0
1999-08-26,2.703125,2.75,2.6796875,2.71875,1540200,0
1999-08-27,2.796875,3.03125,2.765625,2.96875,6544700,0
1999-08-30,2.984375,2.9921875,2.765625,2.765625,1913600,0
1999-08-31,2.7890625,2.875,2.765625,2.859375,2047400,0
1999-09-01,2.8671875,2.921875,2.84375,2.8828125,1528700,0
1999-09-02,2.875,2.875,2.78125,2.78125,1258700,0
1999-09-03,2.859375,2.90625,2.84375,2.90625,1661400,0
1999-09-07,2.90625,2.953125,2.875,2.875,1270900,0
1999-09-08,2.8828125,2.890625,2.78125,2.78125,1055700,0
1999-09-09,2.7890625,2.8125,2.6875,2.75,1998300,0
1999-09-10,2.78125,2.78125,2.68555,2.734375,1855600,0
1999-09-13,2.734375,2.796875,2.71875,2.75,1041200,0
1999-09-14,2.765625,2.859375,2.7578125,2.8359375,1142700,0
1999-09-15,2.875,2.875,2.71875,2.730475,1519500,0
1999-09-16,2.734375,2.7421875,2.6484375,2.671875,1182300,0
1999-09-17,2.75,2.859375,2.7109375,2.75,2239300,0
1999-09-20,2.734375,2.734375,2.6015625,2.6328125,2549500,0
1999-09-21,2.6171875,2.640625,2.5546875,2.5625,2388100,0
1999-09-22,2.5859375,2.765625,2.578125,2.625,3741800,0
1999-09-23,2.828125,2.9921875,2.78125,2.875,6875900,0
1999-09-24,2.8828125,2.9921875,2.78125,2.984375,3459400,0
1999-09-27,2.984375,2.9921875,2.8515625,2.921875,1961900,0
1999-09-28,2.90625,3.296875,2.8984375,3.25,7665300,0
1999-09-29,3.2265625,3.3203125,3.1015625,3.1171875,3910500,0
1999-09-30,3.140625,3.1875,3.0546875,3.0976625,1565200,0
1999-10-01,3.09375,3.09375,2.9296875,2.9960875,2450500,0
1999-10-04,3.0,3.015625,2.875,2.90625,2749000,0
1999-10-05,2.859375,2.9140625,2.8125,2.8203125,2399100,0
1999-10-06,2.8125,3.0,2.8046875,3.0,3893700,0
1999-10-07,3.0625,3.0703125,2.9140625,2.9453125,2814500,0
1999-10-08,3.0078125,3.046875,2.875,3.015625,3036000,0
1999-10-11,3.0078125,3.03125,2.90625,2.980475,1099200,0
1999-10-12,2.9921875,3.0,2.90625,2.9140625,1465000,0
1999-10-13,2.8984375,2.9609375,2.8125,2.824225,1801800,0
1999-10-14,2.828125,2.859375,2.734375,2.828125,1646000,0
1999-10-15,2.765625,2.828125,2.671875,2.75,1782300,0
1999-10-18,2.75,2.78125,2.6875,2.6953125,1582100,0
1999-10-19,2.7265625,2.75,2.6875,2.71875,1551200,0
1999-10-20,2.75,2.8671875,2.7109375,2.8203125,2377200,0
1999-10-21,2.7734375,2.9375,2.7578125,2.9375,2397500,0
1999-10-22,2.96875,3.0546875,2.875,2.921875,2551100,0
1999-10-25,2.9453125,3.0253875,2.90625,2.9765625,1934100,0
1999-10-26,2.9921875,3.0625,2.96875,3.0546875,2556700,0
1999-10-27,3.0546875,3.15625,3.0078125,3.109375,3348900,0
1999-10-28,3.125,3.2578125,3.1171875,3.25,3857500,0
1999-10-29,3.2734375,3.453125,3.234375,3.3984375,6257300,0
1999-11-01,3.359375,3.515625,3.328125,3.3828125,3400500,0
1999-11-02,3.4140625,3.5,3.3515625,3.3828125,2605400,0
1999-11-03,3.40625,3.4296875,3.28125,3.328125,2769800,0
1999-11-04,3.3359375,3.375,3.234375,3.3203125,2784900,0
1999-11-05,3.5078125,3.671875,3.5,3.59375,5720700,0
1999-11-08,3.59375,3.6484375,3.578125,3.6171875,2868100,0
1999-11-09,3.609375,3.6953125,3.515625,3.6328125,2188500,0
1999-11-10,3.6015625,3.65625,3.484375,3.5390625,1278100,0
1999-11-11,3.5546875,3.625,3.484375,3.5390625,1396500,0
1999-11-12,3.5390625,3.5859375,3.4921875,3.53125,1966900,0
1999-11-15,3.5390625,3.5390625,3.46875,3.5234375,1627700,0
1999-11-16,3.5234375,3.5546875,3.4140625,3.546875,2266300,0
1999-11-17,3.53125,3.6328125,3.5234375,3.609375,1844400,0
1999-11-18,3.65625,3.8203125,3.625,3.765625,4220000,0
1999-11-19,3.8828125,3.8828125,3.515625,3.546875,4052000,0
1999-11-22,3.5703125,3.59375,3.4375,3.46875,1570700,0
1999-11-23,3.5078125,3.515625,3.296875,3.375,3165900,0
1999-11-24,3.359375,3.4375,3.25,3.4375,1968900,0
1999-11-26,3.4296875,3.4375,3.3203125,3.34375,548300,0
1999-11-29,3.3515625,3.40625,3.3125,3.3359375,1954900,0
1999-11-30,3.3359375,3.40625,3.296875,3.3203125,1556000,0
1999-12-01,3.3203125,3.390625,3.28125,3.3203125,1379300,0
1999-12-02,3.3359375,3.4765625,3.328125,3.4609375,2599500,0
1999-12-03,3.5625,3.640625,3.46875,3.4765625,2836500,0
1999-12-06,3.4375,3.5546875,3.34375,3.3671875,1696100,0
1999-12-07,3.375,3.421875,3.34375,3.3828125,1498800,0
1999-12-08,3.375,3.3828125,3.140625,3.2265625,2208200,0
1999-12-09,3.1875,3.21875,2.96875,3.0078125,4123600,0
1999-12-10,3.0546875,3.1953125,3.0,3.1640625,2713100,0
1999-12-13,3.1640625,3.3125,3.109375,3.1640625,1907700,0
1999-12-14,3.1796875,3.203125,3.0625,3.09375,2309400,0
1999-12-15,3.09375,3.1640625,3.0859375,3.15625,1137100,0
1999-12-16,3.1328125,3.171875,3.0546875,3.15625,1917100,0
1999-12-17,3.34375,3.375,3.25,3.265625,3175400,0
1999-12-20,3.2578125,3.3203125,3.1640625,3.25,1288500,0
1999-12-21,3.25,3.328125,3.0703125,3.2109375,2349800,0
1999-12-22,3.1484375,3.234375,3.0703125,3.1875,1951200,0
1999-12-23,3.1953125,3.25,3.125,3.15625,1125900,0
1999-12-27,3.125,3.203125,3.0625,3.109375,1284600,0
1999-12-28,3.0546875,3.15625,3.046875,3.1484375,1341000,0
1999-12-29,3.1015625,3.1171875,3.046875,3.0859375,1176600,0
1999-12-30,3.046875,3.1015625,3.015625,3.015625,1506800,0
1999-12-31,3.015625,3.1015625,2.96875,3.03125,1634300,0
2000-01-03,2.984375,3.0859375,2.90625,3.082025,3036500,0
2000-01-04,3.0078125,3.109375,2.96875,2.984375,2695600,0
2000-01-05,2.9921875,3.078125,2.9609375,3.0234375,3525800,0
2000-01-06,3.0,3.203125,3.0,3.1328125,3853200,0
2000-01-07,3.09375,3.125,3.03125,3.1171875,3255600,0
2000-01-10,3.234375,3.34375,3.2265625,3.25,3628900,0
2000-01-11,3.2421875,3.2578125,3.1484375,3.15625,2452900,0
2000-01-12,3.171875,3.21875,3.09375,3.1640625,2218200,0
2000-01-13,3.171875,3.40625,3.171875,3.390625,2694500,0
2000-01-14,3.3984375,3.4453125,3.2890625,3.3046875,2774600,0
2000-01-18,3.2734375,3.328125,3.1640625,3.2578125,1314200,0
2000-01-19,3.2578125,3.328125,3.1796875,3.1875,1975100,0
2000-01-20,3.1953125,3.21875,3.0703125,3.1328125,2270900,0
2000-01-21,3.1640625,3.171875,3.09375,3.1210875,1397000,0
2000-01-24,3.125,3.1953125,2.890625,3.0703125,3892500,0
2000-01-25,3.0390625,3.375,2.9765625,3.25,5956300,0
2000-01-26,3.3671875,3.671875,3.34375,3.625,9482900,0
2000-01-27,3.609375,3.640625,3.5390625,3.609375,4689700,0
2000-01-28,3.625,3.7734375,3.6171875,3.7265625,7546400,0
2000-01-31,3.7421875,4.0,3.734375,4.0,6382500,0
2000-02-01,3.96875,4.046875,3.9296875,4.0390625,3824000,0
2000-02-02,4.03125,4.0625,3.859375,3.9765625,2551700,0
2000-02-03,3.984375,4.0,3.796875,3.9296875,2564200,0
2000-02-04,4.0625,4.34375,3.9375,4.296875,6413600,0
2000-02-07,4.2890625,4.3125,4.171875,4.28125,2431200,0
2000-02-08,4.28125,4.375,4.2578125,4.375,2692000,0
2000-02-09,4.3515625,4.359375,4.2578125,4.3125,2209500,0
2000-02-10,4.3125,4.3359375,3.9453125,4.0,3025900,0
2000-02-11,3.984375,4.1875,3.984375,4.109375,2399200,0
2000-02-14,4.171875,4.3515625,4.109375,4.2421875,2605400,0
2000-02-15,4.2421875,4.359375,4.046875,4.328125,2053200,0
2000-02-16,4.328125,4.3359375,4.265625,4.2734375,2077200,0
2000-02-17,4.296875,4.34375,4.25,4.328125,1480100,0
2000-02-18,4.3203125,4.375,4.0625,4.140625,2218200,0
2000-02-22,4.109375,4.2109375,4.0390625,4.1484375,1646300,0
2000-02-23,4.1171875,4.3828125,4.09375,4.359375,2296600,0
2000-02-24,4.359375,4.5234375,4.2109375,4.3828125,3090200,0
2000-02-25,4.3515625,4.375,4.1875,4.21875,1173000,0
2000-02-28,4.1875,4.265625,4.09375,4.2578125,1682000,0
2000-02-29,4.21875,4.4296875,4.203125,4.390625,1646000,0
2000-03-01,4.390625,4.4765625,4.3125,4.34375,1318500,0
2000-03-02,4.3203125,4.3203125,4.078125,4.15625,1670900,0
2000-03-03,4.203125,4.71875,4.203125,4.6484375,3526300,0
2000-03-06,4.6152375,4.6171875,4.4609375,4.484375,1409800,0
2000-03-07,4.4921875,4.515625,4.25,4.265625,1609000,0
2000-03-08,4.2578125,4.34375,4.140625,4.234375,1963400,0
2000-03-09,4.21875,4.53125,4.125,4.515625,1703100,0
2000-03-10,4.4609375,4.5,4.328125,4.453125,1186000,0
2000-03-13,4.3203125,4.4375,4.28125,4.34375,1765600,0
2000-03-14,4.37305,4.4296875,4.171875,4.1796875,1184300,0
2000-03-15,4.15625,4.4921875,4.15625,4.3984375,1837900,0
2000-03-16,4.3984375,4.8671875,4.3984375,4.796875,4484900,0
2000-03-17,4.6875,4.7734375,4.546875,4.6328125,2483400,0
2000-03-20,4.5625,4.59375,4.375,4.3984375,1355300,0
2000-03-21,4.421875,4.8789125,4.3984375,4.875,2731300,0
2000-03-22,4.796875,4.9765625,4.6875,4.890625,3107700,0
2000-03-23,4.828125,5.0,4.8125,4.921875,2320600,0
2000-03-24,4.953125,5.0,4.6953125,4.828125,1690000,0
2000-03-27,4.8515625,5.0546875,4.84375,4.890625,2127700,0
2000-03-28,4.90625,4.984375,4.6875,4.7421875,1179000,0
2000-03-29,4.765625,5.0,4.7109375,4.9609375,1582700,0
2000-03-30,4.90625,5.2109375,4.90625,4.96875,3201200,0
2000-03-31,4.9765625,5.65625,4.9140625,5.6015625,4578200,0
2000-04-03,5.0234375,5.28125,4.90625,5.1796875,4416500,0
2000-04-04,5.140625,5.4375,4.9375,5.4296875,4970300,0
2000-04-05,5.328125,5.328125,4.90625,4.9453125,3237900,0
2000-04-06,4.9921875,5.03125,4.5625,4.6953125,2376700,0
2000-04-07,4.75,5.015625,4.75,5.0078125,2297200,0
2000-04-10,5.03125,5.0390625,4.5703125,4.578125,1742300,0
2000-04-11,4.578125,4.875,4.46875,4.7421875,1316000,0
2000-04-12,4.7460875,4.8203125,4.671875,4.703125,1481100,0
2000-04-13,4.7109375,5.015625,4.6953125,4.978525,3379000,0
2000-04-14,4.8671875,4.875,4.2265625,4.3984375,2625200,0
2000-04-17,4.28125,4.5703125,4.1796875,4.515625,2447200,0
2000-04-18,4.53125,4.703125,4.453125,4.6796875,1601100,0
2000-04-19,4.6484375,4.8671875,4.59375,4.65625,2074800,0
2000-04-20,4.6640625,4.75,4.5,4.6796875,1007800,0
2000-04-24,4.625,5.078125,4.609375,4.9921875,1995500,0
2000-04-25,4.8125,4.921875,4.375,4.7734375,3744400,0
2000-04-26,4.7265625,4.7265625,4.5625,4.640625,2331300,0
2000-04-27,4.5078125,4.640625,4.4296875,4.6328125,2828200,0
2000-04-28,4.2109375,4.2578125,3.75,3.7793,16456000,0
2000-05-01,3.875,3.9140625,3.765625,3.8671875,7388800,0
2000-05-02,4.0234375,4.1875,3.9765625,3.9921875,4111000,0
2000-05-03,4.015625,4.015625,3.875,3.9765625,2484200,0
2000-05-04,3.9609375,4.234375,3.953125,4.1796875,3086800,0
2000-05-05,4.1171875,4.21875,3.982425,4.2109375,2158300,0
2000-05-08,4.203125,4.203125,4.09375,4.125,1688100,0
2000-05-09,4.140625,4.1875,4.015625,4.171875,1528400,0
2000-05-10,4.15625,4.203125,4.03125,4.0703125,1332300,0
2000-05-11,4.0703125,4.1875,3.9921875,4.15625,1323700,0
2000-05-12,4.125,4.140625,4.0078125,4.0703125,804400,0
2000-05-15,3.8671875,4.078125,3.6875,4.0625,4085300,0
2000-05-16,4.234375,4.25,4.0859375,4.15625,2271200,0
2000-05-17,4.078125,4.21875,4.046875,4.0546875,1622500,0
2000-05-18,4.0703125,4.09375,3.8359375,3.8359375,966900,0
2000-05-19,3.7578125,3.84375,3.75,3.765625,1372500,0
2000-05-22,3.75,3.75,3.5,3.734375,1893800,0
2000-05-23,3.734375,3.8046875,3.5390625,3.5390625,1481200,0
2000-05-24,3.6328125,3.90625,3.6171875,3.875,2593500,0
2000-05-25,3.875,3.984375,3.71875,3.734375,1362400,0
2000-05-26,3.796875,3.875,3.6015625,3.640625,946000,0
2000-05-30,3.703125,4.1328125,3.703125,4.1328125,1905100,0
2000-05-31,4.1015625,4.375,4.0703125,4.25,3142300,0
2000-06-01,4.265625,4.3671875,4.1953125,4.3125,1801800,0
2000-06-02,4.375,4.613275,4.3515625,4.6015625,2280600,0
2000-06-05,4.5625,4.78125,4.4296875,4.453125,1899900,0
2000-06-06,4.875,4.9375,4.6796875,4.6875,10042900,0
2000-06-07,4.65625,4.671875,4.0,4.3203125,36926400,0
2000-06-08,4.3203125,4.4628875,4.3125,4.4140625,5029500,0
2000-06-09,4.46875,4.5625,4.375,4.46875,1571300,0
2000-06-12,4.4726625,4.4765625,4.2265625,4.234375,2046700,0
2000-06-13,4.265625,4.6015625,4.25,4.4921875,1648600,0
2000-06-14,4.5,4.5058625,4.3046875,4.3984375,1109900,0
2000-06-15,4.40625,4.453125,4.3046875,4.3359375,998700,0
2000-06-16,4.4765625,4.484375,4.34375,4.359375,1198600,0
2000-06-19,4.3671875,4.40625,4.3203125,4.390625,980900,0
2000-06-20,4.375,4.46875,4.28125,4.4375,1187400,0
2000-06-21,4.4375,4.59375,4.4375,4.5234375,1414600,0
2000-06-22,4.515625,4.609375,4.4609375,4.4765625,1371600,0
2000-06-23,4.515625,4.53125,4.40625,4.4140625,1070400,0
2000-06-26,4.390625,4.53125,4.375,4.53125,1123600,0
2000-06-27,4.5,4.7734375,4.484375,4.6875,2749700,0
2000-06-28,4.6875,4.8203125,4.6640625,4.7734375,1876100,0
2000-06-29,4.7578125,4.765625,4.671875,4.734375,1750700,0
2000-06-30,4.7421875,4.8671875,4.736325,4.7734375,2385900,0
2000-07-03,4.75,4.8515625,4.734375,4.8125,519100,0
2000-07-05,4.8203125,4.875,4.7109375,4.7890625,1184700,0
2000-07-06,4.8203125,4.84375,4.5625,4.7578125,3063000,0
2000-07-07,4.8671875,5.25,4.84375,5.2265625,5482300,0
2000-07-10,5.171875,5.34375,4.96875,4.96875,3382000,0
2000-07-11,4.9375,5.1015625,4.9296875,4.9921875,1268000,0
2000-07-12,4.96875,5.140625,4.96875,5.0390625,1376600,0
2000-07-13,5.0,5.015625,4.9375,5.0,1167100,0
2000-07-14,4.9921875,5.015625,4.953125,5.0,943000,0
2000-07-17,4.9609375,5.015625,4.953125,4.9765625,799000,0
2000-07-18,4.96875,5.1015625,4.953125,4.96875,1521400,0
2000-07-19,4.953125,5.03125,4.953125,4.96875,1021200,0
2000-07-20,4.988275,5.109375,4.984375,5.0,1439600,0
2000-07-21,4.9765625,5.0546875,4.96875,4.9921875,1767300,0
2000-07-24,5.0,5.046875,4.921875,4.9648375,1415000,0
2000-07-25,4.9140625,4.9375,4.6328125,4.8203125,5269900,0
2000-07-26,4.78125,4.7890625,4.6796875,4.7109375,2578600,0
2000-07-27,4.7109375,4.7578125,4.4921875,4.515625,3717600,0
2000-07-28,4.625,4.984375,4.609375,4.625,2731500,0
2000-07-31,4.640625,4.890625,4.578125,4.6875,1473600,0
2000-08-01,4.6835875,4.796875,4.6796875,4.7421875,1207700,0
2000-08-02,4.75,5.0078125,4.7421875,4.90625,1415300,0
2000-08-03,4.859375,5.03125,4.8359375,5.0078125,1624700,0
2000-08-04,5.015625,5.2421875,5.0,5.2109375,2441800,0
2000-08-07,5.171875,5.375,5.1015625,5.3515625,3042200,0
2000-08-08,5.28125,5.4140625,5.25,5.359375,2241800,0
2000-08-09,5.3359375,5.453125,5.328125,5.375,2022300,0
2000-08-10,5.3515625,5.515625,5.328125,5.359375,2838500,0
2000-08-11,5.359375,5.363275,5.1953125,5.3359375,1922500,0
2000-08-14,5.34375,5.3515625,5.1484375,5.2421875,1593000,0
2000-08-15,5.21875,5.2265625,5.0625,5.09375,1301600,0
2000-08-16,5.0546875,5.1796875,4.828125,5.0546875,2774400,0
2000-08-17,4.953125,4.9609375,4.71875,4.78125,3473400,0
2000-08-18,4.75,4.7539125,4.5234375,4.578125,3984000,0
2000-08-21,4.59375,4.703125,4.5546875,4.65625,1527200,0
2000-08-22,4.671875,4.8046875,4.6640625,4.6875,1463900,0
2000-08-23,4.582025,4.5859375,4.453125,4.4765625,5088900,0
2000-08-24,4.484375,4.515625,4.4375,4.515625,1580700,0
2000-08-25,4.5234375,4.6328125,4.4375,4.46875,1287200,0
2000-08-28,4.4765625,4.5625,4.4453125,4.5078125,1248700,0
2000-08-29,4.5390625,4.546875,4.3203125,4.390625,1875800,0
2000-08-30,4.390625,4.671875,4.390625,4.5859375,2478500,0
2000-08-31,4.59375,4.6953125,4.5078125,4.578125,1204000,0
2000-09-01,4.78125,4.9375,4.703125,4.7109375,1865500,0
2000-09-05,4.7539125,4.8515625,4.6875,4.703125,927400,0
2000-09-06,4.8125,4.8125,4.609375,4.6171875,1597900,0
2000-09-07,4.65625,4.71875,4.59375,4.703125,832300,0
2000-09-08,4.65625,4.671875,4.53125,4.53125,799300,0
2000-09-11,4.542975,4.6484375,4.484375,4.546875,1116000,0
2000-09-12,4.578125,4.71875,4.5703125,4.671875,919400,0
2000-09-13,4.6875,4.921875,4.6796875,4.8671875,1771600,0
2000-09-14,4.859375,4.859375,4.6875,4.7421875,1540500,0
2000-09-15,4.859375,4.890625,4.75,4.84375,2466100,0
2000-09-18,4.734375,4.8046875,4.578125,4.68945,1052300,0
2000-09-19,4.703125,4.796875,4.5703125,4.703125,1225000,0
2000-09-20,4.6484375,4.765625,4.53125,4.734375,1287500,0
2000-09-21,4.7109375,4.859375,4.65625,4.828125,1363100,0
2000-09-22,4.796875,4.9609375,4.796875,4.890625,1238300,0
2000-09-25,4.84375,5.0234375,4.828125,4.9921875,1473900,0
2000-09-26,4.96875,5.046875,4.8828125,4.9375,1057600,0
2000-09-27,4.9140625,5.015625,4.75,4.984375,1563100,0
2000-09-28,5.0078125,5.2109375,5.0,5.1328125,1642500,0
2000-09-29,5.171875,5.21875,4.96875,5.0078125,1320500,0
2000-10-02,5.015625,5.0625,4.796875,5.046875,1719700,0
2000-10-03,5.078125,5.140625,4.890625,4.9375,1314900,0
2000-10-04,4.9609375,5.109375,4.953125,5.09375,1250500,0
2000-10-05,5.03125,5.296875,5.0,5.125,2092500,0
2000-10-06,5.1953125,5.296875,4.96875,5.0234375,1373400,0
2000-10-09,5.015625,5.1484375,4.96875,5.0625,1112200,0
2000-10-10,5.078125,5.1796875,4.984375,5.0703125,1222000,0
2000-10-11,4.96875,5.1640625,4.96875,5.0078125,1166400,0
2000-10-12,5.0078125,5.0078125,4.59375,4.7890625,1870800,0
2000-10-13,4.7265625,4.9375,4.640625,4.90625,1572100,0
2000-10-16,4.828125,5.125,4.796875,5.0703125,1459000,0
2000-10-17,5.1328125,5.15625,4.8828125,4.96875,1056500,0
2000-10-18,4.921875,5.1328125,4.78125,5.0390625,1647500,0
2000-10-19,5.0390625,5.21875,4.890625,5.125,1972400,0
2000-10-20,5.0078125,5.1171875,5.0078125,5.0390625,1091000,0
2000-10-23,5.046875,5.1484375,4.953125,5.0,1183300,0
2000-10-24,5.1015625,5.1875,5.015625,5.046875,1025600,0
2000-10-25,5.0859375,5.25,5.046875,5.0859375,1670900,0
2000-10-26,5.109375,5.1328125,4.796875,5.125,2535500,0
2000-10-27,4.8359375,5.0,4.6875,4.96875,3834400,0
2000-10-30,4.9921875,5.25,4.9296875,5.203125,2163100,0
2000-10-31,5.2265625,5.609375,5.2265625,5.5859375,5159400,0
2000-11-01,5.5390625,5.6484375,5.375,5.5703125,4226500,0
2000-11-02,5.5859375,5.625,5.46875,5.625,2551600,0
2000-11-03,5.6328125,5.9140625,5.625,5.8515625,5000700,0
2000-11-06,5.890625,6.0234375,5.765625,5.84375,2764600,0
2000-11-07,5.8046875,5.8984375,5.75,5.8828125,2484200,0
2000-11-08,5.875,5.875,5.5703125,5.6015625,1806100,0
2000-11-09,5.550775,5.6328125,5.40625,5.6015625,1705900,0
2000-11-10,5.515625,5.7421875,5.5,5.5625,1429500,0
2000-11-13,5.515625,5.6484375,5.4375,5.546875,2533100,0
2000-11-14,5.5703125,5.8828125,5.5546875,5.8828125,2490700,0
2000-11-15,5.875,6.03125,5.84375,5.9453125,1570400,0
2000-11-16,5.9140625,5.9296875,5.671875,5.78125,2223700,0
2000-11-17,5.65625,6.1015625,5.5625,5.9921875,4238900,0
2000-11-20,5.9296875,6.3515625,5.8984375,6.234375,6458500,0
2000-11-21,5.96875,6.0078125,5.7578125,5.9296875,3962700,0
2000-11-22,5.84375,6.15625,5.8125,6.0859375,3176000,0
2000-11-24,6.09375,6.1171875,5.96875,6.0,667600,0
2000-11-27,5.9609375,5.96875,5.4765625,5.6328125,3409500,0
2000-11-28,5.578125,5.765625,5.5390625,5.5664125,2551000,0
2000-11-29,5.640625,5.7421875,5.578125,5.68555,2889600,0
2000-11-30,5.625,5.78125,5.59375,5.6953125,2833400,0
2000-12-01,5.78125,5.796875,5.46875,5.53125,2277300,0
2000-12-04,5.5234375,5.671875,5.3828125,5.609375,2826800,0
2000-12-05,5.6171875,5.828125,5.5390625,5.78125,2343900,0
2000-12-06,5.71875,5.8125,5.6640625,5.75,2456600,0
2000-12-07,5.6875,5.875,5.65625,5.8515625,1651000,0
2000-12-08,5.875,5.875,5.71875,5.859375,1854400,0
2000-12-11,5.84375,5.8515625,5.4609375,5.5078125,3151200,0
2000-12-12,5.4921875,5.7421875,5.4375,5.6171875,1762000,0
2000-12-13,5.65625,5.703125,5.4921875,5.5078125,1429200,0
2000-12-14,5.53125,5.578125,5.4296875,5.4453125,1777500,0
2000-12-15,5.421875,5.4375,5.171875,5.234375,4057400,0
2000-12-18,5.2734375,5.5078125,5.203125,5.4453125,2080800,0
2000-12-19,5.4609375,5.7421875,5.453125,5.640625,2444200,0
2000-12-20,5.6015625,5.609375,5.4453125,5.5,2703600,0
2000-12-21,5.5,5.75,5.453125,5.6171875,2062400,0
2000-12-22,5.671875,5.734375,5.53125,5.65625,1791900,0
2000-12-26,5.6640625,5.6875,5.53125,5.625,1048600,0
2000-12-27,5.5703125,5.640625,5.5078125,5.53125,2493200,0
2000-12-28,5.5078125,5.578125,5.4453125,5.546875,1913400,0
2000-12-29,5.5625,5.6484375,5.4921875,5.53125,1410200,0
2001-01-02,5.4902375,5.5234375,5.1640625,5.2578125,2054800,0
2001-01-03,5.25,5.53125,5.0859375,5.40625,3001800,0
2001-01-04,5.3515625,5.359375,5.046875,5.140625,3017500,0
2001-01-05,5.3046875,5.3984375,5.2109375,5.21875,3506000,0
2001-01-08,5.15625,5.3671875,5.15625,5.3046875,1926500,0
2001-01-09,5.3203125,5.40625,5.2109375,5.21875,1105600,0
2001-01-10,5.15625,5.5390625,5.125,5.5,2564200,0
2001-01-11,5.4375,5.578125,5.4375,5.5390625,1504900,0
2001-01-12,5.4609375,5.59375,5.4453125,5.59375,2081000,0
2001-01-16,5.53125,5.703125,5.53125,5.6015625,1425700,0
2001-01-17,5.6171875,5.703125,5.546875,5.6015625,1469500,0
2001-01-18,5.6640625,5.7265625,5.609375,5.6796875,1551800,0
2001-01-19,5.6328125,5.84375,5.609375,5.7890625,1975600,0
2001-01-22,5.8125,5.828125,5.59375,5.65625,1398400,0
2001-01-23,5.6328125,5.8203125,5.625,5.796875,1230700,0
2001-01-24,5.8125,5.828125,5.34375,5.421875,3099100,0
2001-01-25,5.4453125,5.4921875,5.2265625,5.3515625,2468900,0
2001-01-26,5.5703125,5.7265625,5.5625,5.703125,2826700,0
2001-01-29,5.7109375,6.171875,5.6875,6.15625,5874800,0
2001-01-30,6.0859375,6.109375,5.90625,6.09375,2309700,0
2001-01-31,6.0859375,6.2578125,6.0859375,6.2421875,3990900,0
2001-02-01,6.171875,6.2109375,6.03125,6.1328125,2577300,0
2001-02-02,6.046875,6.109375,5.953125,5.984375,2948500,0
2001-02-05,5.9765625,6.0625,5.7890625,5.9921875,2138400,0
2001-02-06,6.0,6.25,5.9765625,6.234375,3423500,0
2001-02-07,6.140625,6.2578125,6.1328125,6.234375,1771400,0
2001-02-08,6.234375,6.4140625,6.0234375,6.078125,3437500,0
2001-02-09,6.015625,6.1484375,5.9765625,6.0390625,1440000,0
2001-02-12,6.0390625,6.265625,6.0390625,6.25,1697100,0
2001-02-13,6.1953125,6.3515625,6.078125,6.078125,2147300,0
2001-02-14,6.09375,6.1640625,5.9375,5.984375,2274600,0
2001-02-15,6.015625,6.1796875,6.0,6.15625,1462800,0
2001-02-16,6.0625,6.21875,6.03125,6.1171875,1072700,0
2001-02-20,6.15625,6.28125,6.03125,6.0390625,1829500,0
2001-02-21,5.9921875,6.1640625,5.859375,5.984375,2382000,0
2001-02-22,6.046875,6.078125,5.84375,5.921875,1610000,0
2001-02-23,5.921875,6.0,5.78125,5.9609375,2258300,0
2001-02-26,5.9609375,6.0625,5.953125,5.9765625,1774800,0
2001-02-27,5.96875,6.1015625,5.9375,6.03125,2037000,0
2001-02-28,6.046875,6.0625,5.921875,5.953125,2555800,0
2001-03-01,5.9375,6.0,5.7890625,5.9453125,2379000,0
2001-03-02,6.0,6.1328125,5.9375,5.9375,5715100,0
2001-03-05,5.9375,5.9453125,5.7578125,5.8359375,1666600,0
2001-03-06,5.8515625,5.90625,5.78125,5.84375,1896300,0
2001-03-07,5.8515625,5.8828125,5.736325,5.7734375,2007800,0
2001-03-08,5.796875,5.953125,5.765625,5.9453125,2331200,0
2001-03-09,5.9453125,5.96875,5.8515625,5.890625,1361900,0
2001-03-12,5.859375,5.8671875,5.59375,5.6171875,2279100,0
2001-03-13,5.65625,5.65625,5.3125,5.59375,3304700,0
2001-03-14,5.46875,5.5546875,5.328125,5.40625,2202700,0
2001-03-15,5.484375,5.546875,5.390625,5.4609375,1582400,0
2001-03-16,5.326175,5.5,5.3046875,5.4765625,2594700,0
2001-03-19,5.4765625,5.5703125,5.4453125,5.5390625,1786600,0
2001-03-20,5.5546875,5.65625,5.40625,5.40625,2324600,0
2001-03-21,5.4140625,5.421875,5.109375,5.1171875,3191900,0
2001-03-22,5.21875,5.2265625,4.8203125,5.0078125,4647100,0
2001-03-23,5.09375,5.15625,4.9296875,5.109375,2968800,0
2001-03-26,5.171875,5.3125,5.1484375,5.203125,2896500,0
2001-03-27,5.265625,5.28125,5.03125,5.0859375,3079200,0
2001-03-28,5.0703125,5.1953125,5.0234375,5.1484375,2430800,0
2001-03-29,5.140625,5.40625,5.0625,5.2421875,3354900,0
2001-03-30,5.2578125,5.4453125,5.2421875,5.3046875,2852600,0
2001-04-02,5.3203125,5.4453125,5.3125,5.375,2025500,0
2001-04-03,5.34375,5.3984375,5.203125,5.21875,2455900,0
2001-04-04,5.15625,5.203125,5.0625,5.1171875,3323700,0
2001-04-05,5.1953125,5.265625,5.0078125,5.1171875,3087400,0
2001-04-06,5.0234375,5.0234375,4.5390625,4.65625,8625200,0
2001-04-09,4.6875,4.845,4.675,4.82875,4966800,0
2001-04-10,4.875,5.04625,4.8625,5.0,3228700,0
2001-04-11,5.05125,5.19375,5.0,5.03125,3090600,0
2001-04-12,4.88125,4.935,4.6775,4.7475,5040400,0
2001-04-16,4.755,4.96875,4.75375,4.82125,2172400,0
2001-04-17,4.8175,4.9375,4.78125,4.8725,1426400,0
2001-04-18,4.92625,5.255,4.88125,5.18875,3138400,0
2001-04-19,5.18375,5.24125,5.05,5.16,2217400,0
2001-04-20,5.07375,5.125,4.959,5.02875,1963900,0
2001-04-23,5.03625,5.1225,4.865,4.875,2013200,0
2001-04-24,4.91875,4.91875,4.70625,4.71375,3333800,0
2001-04-25,4.7625,5.0075,4.70625,4.96625,2681300,0
2001-04-26,5.03625,5.1,4.9375,4.96,2208800,0
2001-04-27,4.625,4.695,4.5875,4.645,14291500,0
2001-04-30,4.7475,4.9375,4.625,4.8375,7077000,0
2001-05-01,4.8375,5.035,4.8,5.005,6228700,0
2001-05-02,5.03,5.04,4.8075,4.9275,4567600,0
2001-05-03,4.89,4.895,4.725,4.7375,4209900,0
2001-05-04,4.525,4.75,4.5,4.7475,6722600,0
2001-05-07,4.7475,4.8175,4.6625,4.7175,3373800,0
2001-05-08,4.815,4.815,4.54,4.6475,6898200,0
2001-05-09,4.645,4.7575,4.6,4.675,3270200,0
2001-05-10,4.6875,4.7375,4.6275,4.6525,2794900,0
2001-05-11,4.69,4.7725,4.6425,4.7275,3367900,0
2001-05-14,4.725,4.88,4.65,4.83,5010000,0
2001-05-15,4.78,5.0,4.775,4.885,4564700,0
2001-05-16,4.86,5.03,4.775,5.005,4441000,0
2001-05-17,5.0,5.2475,5.0,5.1825,5629700,0
2001-05-18,5.1825,5.215,5.0425,5.175,3017400,0
2001-05-21,5.165,5.2825,5.08,5.275,3747700,0
2001-05-22,5.29,5.3825,5.2325,5.3,4189300,0
2001-05-23,5.275,5.295,4.9925,5.0225,4926600,0
2001-05-24,5.01,5.095,4.9125,5.095,3641200,0
2001-05-25,5.1025,5.15,4.9575,5.0975,1635800,0
2001-05-29,5.1,5.1875,4.9375,4.9675,1994400,0
2001-05-30,4.9325,5.0875,4.9125,5.0225,4567500,0
2001-05-31,5.025,5.025,4.75,4.88,5444700,0
2001-06-01,5.00125,5.025,4.7375,4.8975,4406800,0
2001-06-04,4.905,4.925,4.7625,4.7975,2298100,0
2001-06-05,4.805,4.975,4.7925,4.925,3182200,0
2001-06-06,4.9125,4.92,4.7475,4.805,2920800,0
2001-06-07,4.8125,4.95,4.75,4.85,2195400,0
2001-06-08,4.865,4.865,4.74,4.76,1872900,0
2001-06-11,4.77,4.8725,4.76,4.805,2221000,0
2001-06-12,4.7425,4.925,4.7325,4.8525,2474700,0
2001-06-13,4.875,5.025,4.85,4.89,3124400,0
2001-06-14,4.875,4.945,4.7875,4.7975,2461700,0
2001-06-15,4.8125,4.99,4.75,4.885,3678400,0
2001-06-18,4.8975,4.9975,4.85,4.925,2548500,0
2001-06-19,4.9775,5.1225,4.9575,5.0825,4103500,0
2001-06-20,5.065,5.27,5.0625,5.2425,3985400,0
2001-06-21,5.2225,5.8275,5.215,5.7125,12001500,0
2001-06-22,5.65,5.675,5.411875,5.51,4604100,0
2001-06-25,5.5025,5.6025,5.48,5.5425,2963200,0
2001-06-26,5.44,5.5325,5.4,5.4725,2117300,0
2001-06-27,5.5025,5.55,5.3875,5.4825,2964200,0
2001-06-28,5.525,5.7875,5.505,5.6625,3953300,0
2001-06-29,5.5625,5.78,5.4625,5.75,3695100,0
2001-07-02,5.6225,5.725,5.5125,5.6925,4127300,0
2001-07-03,5.7125,5.7125,5.46,5.4975,2691700,0
2001-07-05,5.4875,5.5675,5.45,5.48,3079700,0
2001-07-06,5.2325,5.2325,5.0,5.12,9285000,0
2001-07-09,5.13,5.2675,5.11,5.235,4793600,0
2001-07-10,5.255,5.255,5.09,5.1075,6653500,0
2001-07-11,5.0925,5.2375,5.05,5.1725,5770000,0
2001-07-12,5.225,5.265,5.1375,5.175,6206200,0
2001-07-13,5.155,5.1675,5.075,5.125,5149500,0
2001-07-16,5.125,5.15,5.0125,5.0325,4057100,0
2001-07-17,5.035,5.0625,4.9625,5.015,3625100,0
2001-07-18,5.05,5.05,4.805,4.8875,4191800,0
2001-07-19,4.9525,5.0125,4.84,4.86,2880400,0
2001-07-20,4.865,5.1125,4.85,5.0625,3947700,0
2001-07-23,5.0725,5.145,4.8925,4.92,2036400,0
2001-07-24,4.9325,5.1175,4.8525,4.9625,2660000,0
2001-07-25,5.0075,5.0075,4.83,4.9025,3572200,0
2001-07-26,4.915,4.915,4.725,4.75,4283500,0
2001-07-27,4.5575,4.75,4.5125,4.6875,7038600,0
2001-07-30,4.705,4.7075,4.56,4.6,3225300,0
2001-07-31,4.6175,4.645,4.475,4.51,4874600,0
2001-08-01,4.5325,4.6375,4.5,4.6025,5148200,0
2001-08-02,4.625,4.6375,4.54,4.615,2898000,0
2001-08-03,4.5975,4.6125,4.365,4.46,5374600,0
2001-08-06,4.555,4.555,4.375,4.38,3030000,0
2001-08-07,4.42,4.55,4.375,4.4675,3636600,0
2001-08-08,4.4475,4.5225,4.3825,4.4,4187700,0
2001-08-09,4.3925,4.575,4.39,4.54,4018400,0
2001-08-10,4.54,4.625,4.4725,4.49,4015800,0
2001-08-13,4.5075,4.6375,4.4875,4.5825,2432200,0
2001-08-14,4.6175,4.6275,4.5,4.5025,2770800,0
2001-08-15,4.505,4.5725,4.4375,4.4475,2723100,0
2001-08-16,4.4375,4.52,4.37,4.52,3069700,0
2001-08-17,4.445,4.5575,4.385,4.49,2831600,0
2001-08-20,4.4975,4.71,4.49,4.675,2997300,0
2001-08-21,4.665,4.7725,4.625,4.71,3170500,0
2001-08-22,4.69,4.725,4.6125,4.6975,3118500,0
2001-08-23,4.6675,4.7375,4.6375,4.675,3413400,0
2001-08-24,4.66,4.75,4.625,4.6375,4032500,0
2001-08-27,4.64,4.6475,4.585,4.6275,3204600,0
2001-08-28,4.6325,4.6525,4.425,4.46,3887200,0
2001-08-29,4.4775,4.51,4.3625,4.37,3839600,0
2001-08-30,4.3825,4.6375,4.35,4.3625,5535200,0
2001-08-31,4.23,4.41,4.2,4.2175,7809900,0
2001-09-04,4.215,4.33,4.115,4.12,4927600,0
2001-09-05,4.12,4.2175,4.0375,4.155,4621300,0
2001-09-06,4.1175,4.13,3.945,4.06,6586300,0
2001-09-07,4.04,4.21,4.0125,4.03,4113700,0
2001-09-10,3.9975,4.195,3.985,4.1125,4988900,0
2001-09-17,3.875,4.02,3.85,3.8775,7840200,0
2001-09-18,3.89,3.97,3.7925,3.9,3514400,0
2001-09-19,3.9125,4.0925,3.7525,3.825,5938300,0
2001-09-20,3.7825,3.805,3.61,3.6675,8921500,0
2001-09-21,3.445,3.63,3.365,3.57,9854600,0
2001-09-24,3.6475,3.785,3.59,3.7425,7120600,0
2001-09-25,3.765,3.7925,3.57,3.7625,4835600,0
2001-09-26,3.75,3.7575,3.49,3.5,4383000,0
2001-09-27,3.5125,3.6825,3.41,3.6325,3298100,0
2001-09-28,3.695,3.8025,3.605,3.735,3821600,0
2001-10-01,3.7,3.745,3.54,3.7,3214100,0
2001-10-02,3.6375,3.7725,3.5675,3.64,4981600,0
2001-10-03,3.63,3.985,3.6025,3.915,4064500,0
2001-10-04,3.9625,4.045,3.7,3.7675,9618600,0
2001-10-05,4.1025,4.32,4.0075,4.24,10168500,0
2001-10-08,4.1775,4.3125,4.1475,4.2675,2783700,0
2001-10-09,4.2525,4.28,4.0875,4.11,2571600,0
2001-10-10,4.16,4.3325,4.12,4.1975,2813900,0
2001-10-11,4.23,4.265,4.1275,4.255,4106700,0
2001-10-12,4.1875,4.1875,3.8375,4.0,6470200,0
2001-10-15,3.9725,4.1125,3.9175,4.1075,3143700,0
2001-10-16,4.1375,4.27,4.0875,4.2175,3315700,0
2001-10-17,4.3125,4.325,3.95,3.9725,4551300,0
2001-10-18,3.96,4.14,3.8875,4.075,3683300,0
2001-10-19,4.04,4.25,4.03,4.1525,3453600,0
2001-10-22,4.185,4.3425,4.12,4.3025,2961700,0
2001-10-23,4.35,4.4,4.2375,4.3,4383200,0
2001-10-24,4.31,4.4375,4.2825,4.345,4244700,0
2001-10-25,4.3225,4.475,4.21025,4.4525,3968300,0
2001-10-26,4.42,4.4875,4.36,4.465,2421900,0
2001-10-29,4.4375,4.45,4.2125,4.2375,3045100,0
2001-10-30,4.19,4.375,4.0925,4.3325,4233500,0
2001-10-31,4.3425,4.4,4.22425,4.28,3039100,0
2001-11-01,4.2875,4.3825,4.2325,4.3225,3494500,0
2001-11-02,4.35,4.66,4.325,4.4725,6352300,0
2001-11-05,4.565,4.6675,4.5175,4.65,4136900,0
2001-11-06,4.5775,4.8625,4.5625,4.8175,4888900,0
2001-11-07,4.825,4.8875,4.67,4.75,3466200,0
2001-11-08,4.76,4.85,4.625,4.72,2382300,0
2001-11-09,4.755,4.7975,4.695,4.7575,2606100,0
2001-11-12,4.7775,4.7975,4.525,4.775,2131200,0
2001-11-13,4.7825,4.8375,4.6425,4.8275,2815300,0
2001-11-14,4.83,4.875,4.7,4.78,3569800,0
2001-11-15,4.765,4.8125,4.7325,4.7925,2884600,0
2001-11-16,4.5125,4.5625,4.2875,4.375,19794400,0
2001-11-19,4.3875,4.3925,4.2675,4.3475,5596200,0
2001-11-20,4.35,4.425,4.2875,4.345,4458800,0
2001-11-21,4.3525,4.44275,4.285,4.3275,3244000,0
2001-11-23,4.3275,4.35475,4.3,4.3275,678300,0
2001-11-26,4.36,4.3725,4.2725,4.3425,3902000,0
2001-11-27,4.3125,4.3675,4.2625,4.2975,4396900,0
2001-11-28,4.2675,4.335,4.1875,4.2275,3951300,0
2001-11-29,4.25,4.255,4.17,4.225,3607900,0
2001-11-30,4.2675,4.4425,4.2275,4.43,5960400,0
2001-12-03,4.4075,4.7275,4.4,4.62,8404500,0
2001-12-04,4.63,4.925,4.6275,4.915,6947900,0
2001-12-05,4.915,4.9925,4.86,4.9775,7229400,0
2001-12-06,4.965,4.9675,4.865,4.885,3410000,0
2001-12-07,4.865,4.89,4.69,4.7375,3403100,0
2001-12-10,4.7275,4.8475,4.6875,4.78,3255000,0
2001-12-11,4.8125,4.9025,4.74,4.7575,2308200,0
2001-12-12,4.74,4.74,4.5475,4.685,4749300,0
2001-12-13,4.595,4.7375,4.565,4.6775,3905200,0
2001-12-14,4.65,4.895,4.65,4.8025,3522500,0
2001-12-17,4.8025,4.9125,4.8,4.88,3027700,0
2001-12-18,4.7475,4.88,4.695,4.8775,3150800,0
2001-12-19,4.8325,4.85,4.6875,4.775,2606100,0
2001-12-20,4.75,4.7625,4.595,4.6025,2864800,0
2001-12-21,4.625,4.785,4.5625,4.71,4473200,0
2001-12-24,4.6875,4.775,4.665,4.71475,690200,0
2001-12-26,4.715,4.8125,4.6875,4.755,1460000,0
2001-12-27,4.7625,4.875,4.75,4.84,1744100,0
2001-12-28,4.855,4.9475,4.8375,4.875,1737000,0
2001-12-31,4.845,4.94,4.755,4.7625,2370700,0
2002-01-02,4.7775,4.895,4.75,4.8775,2858500,0
2002-01-03,4.8975,5.125,4.895,5.105,6301000,0
2002-01-04,5.4275,5.665,5.425,5.5275,15689400,0
2002-01-07,5.52,5.6225,5.4375,5.46,5801000,0
2002-01-08,5.47125,5.7025,5.4625,5.6725,5467900,0
2002-01-09,5.735,5.7425,5.4575,5.4675,4636900,0
2002-01-10,5.48,5.625,5.425,5.6175,4430500,0
2002-01-11,5.6125,5.64,5.4525,5.47,5121200,0
2002-01-14,5.47,5.505,5.39,5.475,4638400,0
2002-01-15,5.455,5.5025,5.4275,5.4775,3596400,0
2002-01-16,5.485,5.51,5.3,5.3125,2929900,0
2002-01-17,5.295,5.5025,5.295,5.5025,3508200,0
2002-01-18,5.52,5.5625,5.4025,5.4775,3475400,0
2002-01-22,5.485,5.52525,5.3425,5.345,2262900,0
2002-01-23,5.415,5.7125,5.345,5.66,5328100,0
2002-01-24,5.755,5.8325,5.56,5.785,6931100,0
2002-01-25,5.85,5.85025,5.6325,5.7125,5085100,0
2002-01-28,5.7175,5.77975,5.5875,5.72,2406000,0
2002-01-29,5.6875,5.73,5.5,5.58,3283500,0
2002-01-30,5.5525,5.72,5.525,5.69,4207400,0
2002-01-31,5.72,5.97,5.7075,5.9425,7403200,0
2002-02-01,5.9625,5.9625,5.625,5.7175,4897400,0
2002-02-04,5.705,5.7575,5.53,5.5725,3380800,0
2002-02-05,5.58,5.7325,5.51,5.5925,3253600,0
2002-02-06,5.6275,5.6625,5.39,5.445,3452500,0
2002-02-07,5.4925,5.5925,5.38,5.415,3728500,0
2002-02-08,5.425,5.5,5.3125,5.495,2795200,0
2002-02-11,5.4975,5.5625,5.4225,5.45,2969400,0
2002-02-12,5.4425,5.485,5.375,5.3825,1742400,0
2002-02-13,5.4075,5.5125,5.375,5.5,1664900,0
2002-02-14,5.4875,5.5725,5.395,5.435,2089800,0
2002-02-15,5.465,5.5075,5.3775,5.39,1519500,0
2002-02-19,5.3375,5.47,5.2925,5.3375,1838800,0
2002-02-20,5.345,5.4375,5.31,5.4075,1933100,0
2002-02-21,5.37875,5.485,5.255,5.275,2613000,0
2002-02-22,5.2525,5.4775,5.205,5.4025,2668500,0
2002-02-25,5.385,5.56,5.3825,5.5375,2775200,0
2002-02-26,5.6125,5.6625,5.385,5.5775,3301400,0
2002-02-27,5.6175,5.705,5.565,5.61,3528100,0
2002-02-28,5.705,5.9,5.6775,5.7525,5655700,0
2002-03-01,5.89,5.94,5.7125,5.875,5419600,0
2002-03-04,5.91,6.0325,5.8,6.0175,5832600,0
2002-03-05,5.9925,6.0725,5.81,5.8675,3943300,0
2002-03-06,5.895,5.8975,5.73,5.785,4204200,0
2002-03-07,5.8025,5.85,5.7375,5.78,2532000,0
2002-03-08,5.7875,5.82,5.65,5.74,4396600,0
2002-03-11,5.75,5.87,5.6875,5.7125,3352600,0
2002-03-12,5.675,5.7375,5.5875,5.725,2800900,0
2002-03-13,5.665,5.8275,5.625,5.665,2640200,0
2002-03-14,5.6975,5.8825,5.695,5.835,3262900,0
2002-03-15,5.9625,5.99,5.8625,5.9375,3256800,0
2002-03-18,5.96375,6.0,5.8725,5.935,2535500,0
2002-03-19,5.9175,6.0075,5.915,5.965,2126600,0
2002-03-20,5.9375,6.1325,5.89,5.92,3723000,0
2002-03-21,5.9325,6.0,5.795,5.995,2238800,0
2002-03-22,5.9275,5.98,5.865,5.895,2155900,0
2002-03-25,5.89,5.955,5.7625,5.8,3157900,0
2002-03-26,5.76,5.935,5.715,5.8725,2591400,0
2002-03-27,5.81,5.9225,5.7575,5.8675,2209900,0
2002-03-28,5.875,5.885,5.76325,5.7825,2092200,0
2002-04-01,5.7675,5.8325,5.7025,5.825,2092200,0
2002-04-02,5.7975,5.88,5.7775,5.82,2657700,0
2002-04-03,5.8275,5.935,5.8125,5.8725,2214600,0
2002-04-04,5.815,5.99,5.8125,5.97,3049700,0
2002-04-05,6.065,6.1325,5.995,6.01,3022400,0
2002-04-08,5.9075,6.1225,5.8975,6.1125,3104100,0
2002-04-09,6.115,6.245,6.0875,6.235,4263200,0
2002-04-10,6.2025,6.2875,6.192,6.265,4408400,0
2002-04-11,6.22,6.34475,6.2025,6.23,3230300,0
2002-04-12,6.23375,6.385,6.225,6.2925,3267600,0
2002-04-15,6.2825,6.36225,6.1925,6.2775,3017900,0
2002-04-16,6.2975,6.385,6.27,6.345,2802600,0
2002-04-17,6.365,6.425,6.2895,6.4075,3078000,0
2002-04-18,6.41,6.42,6.24,6.35,2907600,0
2002-04-19,6.3725,6.375,6.235,6.245,2323200,0
2002-04-22,6.24,6.31,6.19,6.24,2288600,0
2002-04-23,6.265,6.32,6.26,6.2925,1976000,0
2002-04-24,6.3125,6.3755,6.2925,6.295,2550500,0
2002-04-25,6.325,6.41,6.31,6.345,3098200,0
2002-04-26,6.3125,6.3125,5.8775,5.88,9518600,0
2002-04-29,5.89,6.0,5.7225,5.77,5850900,0
2002-04-30,5.7625,5.775,5.66,5.705,8166900,0
2002-05-01,5.7125,5.94,5.675,5.905,4134000,0
2002-05-02,5.9275,5.995,5.835,5.9125,3554100,0
2002-05-03,5.9475,6.0425,5.84,5.8675,3523200,0
2002-05-06,5.8675,5.8975,5.6375,5.665,2636300,0
2002-05-07,5.6725,5.8,5.6275,5.7,3650600,0
2002-05-08,5.7425,5.7475,5.55,5.6875,6363100,0
2002-05-09,5.6725,5.705,5.5775,5.6025,3155700,0
2002-05-10,5.6075,5.6475,5.505,5.50525,3708900,0
2002-05-13,5.555,5.625,5.5025,5.6175,4796700,0
2002-05-14,5.725,5.94,5.675,5.8975,5721300,0
2002-05-15,5.9,6.05,5.8565,5.97,4192800,0
2002-05-16,5.975,6.0375,5.9025,5.97,2221700,0
2002-05-17,6.0425,6.1125,5.9475,6.015,2232900,0
2002-05-20,5.815,5.875,5.7575,5.8275,5003800,0
2002-05-21,5.8575,5.925,5.7375,5.7625,4091000,0
2002-05-22,5.7475,5.7925,5.625,5.715,2768700,0
2002-05-23,5.7375,5.795,5.6175,5.7225,3166100,0
2002-05-24,5.7225,5.735,5.605,5.6075,2781900,0
2002-05-28,5.71,5.7175,5.4825,5.5275,3156600,0
2002-05-29,5.64,5.8,5.635,5.75,5597300,0
2002-05-30,5.8,5.9,5.7875,5.8925,4338200,0
2002-05-31,6.0175,6.125,5.9975,6.07,6419500,0
2002-06-03,6.075,6.0875,5.8875,5.9175,4490100,0
2002-06-04,5.9,6.08,5.875,6.055,4519000,0
2002-06-05,6.085,6.2625,6.0625,6.245,5776900,0
2002-06-06,6.25125,6.26,6.08,6.0875,4294000,0
2002-06-07,6.1525,6.255,6.13,6.2275,6284300,0
2002-06-10,6.24,6.24,6.1125,6.1575,2478100,0
2002-06-11,6.2175,6.2375,5.935,5.98,3745900,0
2002-06-12,5.97,6.1375,5.95,6.0975,4067600,0
2002-06-13,6.0475,6.055,5.9,5.93,3016500,0
2002-06-14,5.8925,5.925,5.61,5.91,4259400,0
2002-06-17,5.915,6.115,5.875,6.0775,2837600,0
2002-06-18,6.01,6.185,6.0025,6.1175,3142000,0
2002-06-19,6.0775,6.182,6.0625,6.11,2992100,0
2002-06-20,6.1975,6.325,6.1,6.2475,6815000,0
2002-06-21,6.2025,6.3075,6.0925,6.18,6532200,0
2002-06-24,6.12,6.257999999999999,5.9925,6.1875,4047900,0
2002-06-25,6.245,6.245,6.0525,6.125,4835900,0
2002-06-26,6.025,6.14,5.7625,6.1225,6338600,0
2002-06-27,6.1725,6.255,5.9575,6.2425,4433200,0
2002-06-28,6.25,6.28,6.13,6.2125,3977100,0
2002-07-01,6.105,6.24,6.0725,6.09,2981000,0
2002-07-02,6.065,6.191,5.8725,5.88,6651900,0
2002-07-03,5.8625,5.97125,5.7,5.79,4407600,0
2002-07-05,5.8975,6.01,5.825,5.96,2023900,0
2002-07-08,5.9775,6.0075,5.59525,5.9075,3821100,0
2002-07-09,5.8375,5.8925,5.6425,5.6725,5554000,0
2002-07-10,5.7,5.825,5.58,5.6275,4222400,0
2002-07-11,5.5475,5.6775,5.38,5.5975,5501100,0
2002-07-12,5.675,5.7010000000000005,5.41,5.4975,4434300,0
2002-07-15,5.4625,5.5625,5.0575,5.5425,7571000,0
2002-07-16,5.535,5.5925,5.2325,5.305,5880900,0
2002-07-17,5.435,5.4375,5.1975,5.35,4393500,0
2002-07-18,5.3425,5.4675,5.2025,5.24,4343700,0
2002-07-19,5.1475,5.175,4.975,5.025,4327000,0
2002-07-22,5.005,5.0825,4.61,4.905,5506302,0
2002-07-23,4.8725,4.9375,4.68,4.7175,7572007,0
2002-07-24,4.7025,5.3525,4.685,5.27,8254267,0
2002-07-25,5.165,5.175,4.8,5.0025,8327261,0
2002-07-26,5.1525,5.1675,4.675,4.875,9329058,0
2002-07-29,4.985,5.0825,4.94,5.0775,5318487,0
2002-07-30,5.0725,5.08,4.8775,4.93,5468780,0
2002-07-31,4.915,4.94,4.815,4.9075,3876546,0
2002-08-01,4.88,4.92025,4.7075,4.71,4423760,0
2002-08-02,4.7875,4.8725,4.6195,4.7025,5042413,0
2002-08-05,4.715,4.8025,4.625,4.6575,3583808,0
2002-08-06,4.7225,4.8175,4.625,4.7725,4934757,0
2002-08-07,4.8125,4.835,4.64475,4.82,3863630,0
2002-08-08,4.76,4.86,4.7025,4.8475,3383768,0
2002-08-09,4.825,4.9175,4.76525,4.8725,3275006,0
2002-08-12,4.8625,4.98,4.825,4.93025,2281969,0
2002-08-13,4.9475,4.9825,4.735,4.735,3368340,0
2002-08-14,4.7525,5.175,4.7075,5.12,5193995,0
2002-08-15,5.0775,5.325,5.075,5.32,4887499,0
2002-08-16,5.225,5.3,5.125,5.205,3323235,0
2002-08-19,5.22,5.455,5.175,5.4525,2856612,0
2002-08-20,5.3375,5.3475,5.2,5.2625,3006003,0
2002-08-21,5.3125,5.3175,5.075,5.2175,5127847,0
2002-08-22,5.22,5.3,5.075,5.2825,2735406,0
2002-08-23,5.24,5.375,5.2125,5.2575,2615103,0
2002-08-26,5.3325,5.345,5.125,5.2475,2358426,0
2002-08-27,5.2525,5.2825,5.0675,5.08,3365689,0
2002-08-28,5.0575,5.125,4.95275,4.965,3300320,0
2002-08-29,4.925,5.15,4.9,5.1125,4482686,0
2002-08-30,5.0625,5.15,4.975,5.025,3762818,0
2002-09-03,4.9975,5.0725,4.9375,4.995,3570137,0
2002-09-04,5.01,5.2,4.985,5.175,4287320,0
2002-09-05,5.0925,5.125,5.02,5.0575,3565030,0
2002-09-06,5.125,5.295,5.055,5.22,3741897,0
2002-09-09,5.1925,5.275,5.132999999999999,5.225,2418361,0
2002-09-10,5.2225,5.2625,5.08,5.2625,3099208,0
2002-09-11,5.28,5.3125,5.1025,5.1225,3425426,0
2002-09-12,5.1225,5.1525,5.035,5.055,2601996,0
2002-09-13,5.02,5.1725,4.9875,5.14,3032904,0
2002-09-16,5.1425,5.1975,5.055,5.1425,1978348,0
2002-09-17,5.1875,5.2275,5.0125,5.0275,3933861,0
2002-09-18,4.9925,5.1625,4.9,5.085,4223470,0
2002-09-19,5.0,5.1875,4.975,5.0945,3837779,0
2002-09-20,5.1725,5.2275,5.02,5.195,4955339,0
2002-09-23,5.1325,5.1825,5.0075,5.0725,2855282,0
2002-09-24,5.0025,5.1025,4.95,4.995,3511677,0
2002-09-25,5.0125,5.2010000000000005,5.01,5.17,3891743,0
2002-09-26,5.1775,5.34225,5.175,5.2955,4199030,0
2002-09-27,5.2875,5.3925,5.23,5.25,3854725,0
2002-09-30,5.1925,5.295,5.065,5.16,3994370,0
2002-10-01,5.165,5.3725,5.165,5.37,4844430,0
2002-10-02,5.2975,5.38,5.19,5.2275,4897102,0
2002-10-03,5.2225,5.3875,5.2,5.275,4193366,0
2002-10-04,5.375,5.49,5.2465,5.307,5846153,0
2002-10-07,5.2125,5.38,5.2075,5.2775,4170885,0
2002-10-08,5.3175,5.5225,5.3025,5.435,4020963,0
2002-10-09,5.405,5.4925,5.34,5.3825,4589807,0
2002-10-10,5.3125,5.57,5.1675,5.54975,6767187,0
2002-10-11,5.595,5.7275,5.5,5.6625,4772973,0
2002-10-14,5.66,5.8075,5.635,5.7725,3756720,0
2002-10-15,5.9625,6.025,5.7325,5.885,5274626,0
2002-10-16,5.77,5.9125,5.765,5.8525,4587890,0
2002-10-17,5.8825,5.8825,5.3225,5.43,10830869,0
2002-10-18,5.4375,5.59,5.4175,5.58475,4912997,0
2002-10-21,5.5875,5.7825,5.505,5.7775,3441712,0
2002-10-22,5.67,5.875,5.6,5.6475,3144557,0
2002-10-23,5.6525,5.7825,5.635,5.78,3056772,0
2002-10-24,5.79,5.8425,5.5625,5.6125,3892609,0
2002-10-25,5.6275,5.9825,5.625,5.9825,4960773,0
2002-10-28,5.985,5.9975,5.75,5.7975,3744172,0
2002-10-29,5.8375,5.91,5.75,5.875,4553959,0
2002-10-30,5.8475,5.985,5.7725,5.945,3984129,0
2002-10-31,5.95,6.025,5.9,5.96,3728762,0
2002-11-01,6.0125,6.04,5.91,5.965,5461889,0
2002-11-04,5.8475,5.9275,5.68725,5.715,5400895,0
2002-11-05,5.6475,5.85,5.645,5.835,3011180,0
2002-11-06,5.85625,5.8625,5.6825,5.7925,3706223,0
2002-11-07,5.785,5.7925,5.685,5.735,3366664,0
2002-11-08,5.7025,5.7625,5.6125,5.6425,3431110,0
2002-11-11,5.4875,5.5525,5.4225,5.4425,3764670,0
2002-11-12,5.445,5.615,5.4025,5.46,3374576,0
2002-11-13,5.4025,5.51,5.36,5.4725,3782640,0
2002-11-14,5.4875,5.66,5.475,5.63,3195309,0
2002-11-15,5.6025,5.6125,5.33,5.5,6285574,0
2002-11-18,5.505,5.535,5.375,5.3775,3544075,0
2002-11-19,5.275,5.4475,5.2125,5.345,4126895,0
2002-11-20,5.3225,5.5075,5.3125,5.475,2846575,0
2002-11-21,5.4875,5.59775,5.335,5.3825,6186263,0
2002-11-22,5.375,5.4875,5.3625,5.4525,2962831,0
2002-11-25,5.475,5.52,5.4075,5.5025,2696677,0
2002-11-26,5.435,5.515,5.425,5.4675,3120042,0
2002-11-27,5.4825,5.67,5.475,5.61,3100313,0
2002-11-29,5.6225,5.625,5.405,5.435,2050769,0
2002-12-02,5.5,5.52275,5.3425,5.395,3469530,0
2002-12-03,5.4125,5.4175,5.2175,5.245,3632479,0
2002-12-04,5.2275,5.345,5.1775,5.2875,3546616,0
2002-12-05,5.36,5.37,5.125,5.1375,4591001,0
2002-12-06,5.0625,5.3475,5.0625,5.3125,4755483,0
2002-12-09,5.2925,5.3,5.1375,5.155,2675005,0
2002-12-10,5.165,5.2675,5.125,5.1475,3363736,0
2002-12-11,5.075,5.15,5.0625,5.09,3195703,0
2002-12-12,5.1225,5.2125,5.045,5.1775,3212930,0
2002-12-13,5.115,5.185,5.0675,5.09,2887302,0
2002-12-16,5.09,5.36,5.0625,5.325,4630378,0
2002-12-17,5.2875,5.315,5.1875,5.28,4006528,0
2002-12-18,5.2875,5.38,5.2425,5.3375,4582518,0
2002-12-19,5.3125,5.3725,5.1875,5.2025,3970492,0
2002-12-20,5.2875,5.305,5.1275,5.185,8487579,0
2002-12-23,5.21,5.2625,5.17,5.23,1990581,0
2002-12-24,5.245,5.2725,5.1625,5.175,1093284,0
2002-12-26,5.1725,5.2625,5.1475,5.2,1611694,0
2002-12-27,5.1825,5.1925,5.105,5.135,1444078,0
2002-12-30,5.15,5.16,5.06,5.155,1799872,0
2002-12-31,5.1425,5.16,5.075,5.095,2111859,0
2003-01-02,5.1175,5.335,5.115,5.3,3279696,0
2003-01-03,5.34,5.4225,5.235,5.28,3940884,0
2003-01-06,5.2975,5.4075,5.29,5.3675,2913259,0
2003-01-07,5.34,5.34,5.2475,5.31,3518259,0
2003-01-08,5.255,5.3125,5.1625,5.1975,3051794,0
2003-01-09,5.265,5.295,5.19,5.2,2717413,0
2003-01-10,5.135,5.23,5.115,5.2225,3186843,0
2003-01-13,5.1375,5.215,5.1125,5.1625,2612482,0
2003-01-14,5.14,5.175,5.0375,5.0675,2986375,0
2003-01-15,5.085,5.1325,5.025,5.0875,3217382,0
2003-01-16,5.0875,5.13,5.0125,5.0625,2153691,0
2003-01-17,5.0225,5.0875,5.0075,5.0225,3539112,0
2003-01-21,5.0,5.08,4.94,4.95,3829508,0
2003-01-22,4.97,5.0725,4.905,5.0125,3965491,0
2003-01-23,5.0075,5.05,4.935,5.005,3445375,0
2003-01-24,5.49,5.77,5.475,5.7375,19075142,0
2003-01-27,5.6325,5.7375,5.565,5.655,6312399,0
2003-01-28,5.7,5.825,5.65,5.6725,5619751,0
2003-01-29,5.6375,5.7625,5.5375,5.7075,3773432,0
2003-01-30,5.7325,5.7325,5.61225,5.6225,3109686,0
2003-01-31,5.63,5.7475,5.575,5.68,4097580,0
2003-02-03,5.6675,5.7125,5.625,5.655,2588419,0
2003-02-04,5.62,5.65,5.5175,5.5875,2913661,0
2003-02-05,5.63,5.6775,5.5025,5.5475,3623533,0
2003-02-06,5.5025,5.65,5.475,5.525,4741395,0
2003-02-07,5.5775,5.6,5.4,5.495,2998389,0
2003-02-10,5.475,5.56,5.4,5.5375,2908765,0
2003-02-11,5.5525,5.6175,5.4775,5.53,3514179,0
2003-02-12,5.5225,5.595,5.5,5.5275,2853797,0
2003-02-13,5.565,5.585,5.4175,5.4875,3809747,0
2003-02-14,5.5025,5.65,5.49,5.63,3801403,0
2003-02-18,5.6575,5.735,5.6375,5.7275,4582365,0
2003-02-19,5.7,5.75,5.6375,5.7075,3095402,0
2003-02-20,5.7425,5.745,5.6325,5.6475,5246890,0
2003-02-21,5.7325,5.83,5.675,5.83,4103713,0
2003-02-24,5.755,5.7875,5.6125,5.6275,3401026,0
2003-02-25,5.575,5.725,5.525,5.705,4163253,0
2003-02-26,5.6575,5.6825,5.52,5.55,4198381,0
2003-02-27,5.5925,5.7875,5.59,5.7725,5259830,0
2003-02-28,5.7525,5.88,5.73,5.8625,5877407,0
2003-03-03,5.905,5.91,5.78,5.805,2992563,0
2003-03-04,5.8325,5.91,5.75,5.8425,3673088,0
2003-03-05,5.83775,5.895,5.7775,5.85,3231134,0
2003-03-06,5.805,5.89,5.7775,5.845,3637353,0
2003-03-07,5.78,5.7875,5.665,5.725,5074802,0
2003-03-10,5.675,5.705,5.575,5.61775,3436930,0
2003-03-11,5.61,5.6975,5.5625,5.6075,2976964,0
2003-03-12,5.5525,5.675,5.55,5.625,3754089,0
2003-03-13,5.7325,6.02,5.665,6.015,6027322,0
2003-03-14,6.0075,6.16225,5.9525,6.065,5720420,0
2003-03-17,6.01,6.4375,5.985,6.3575,8088056,0
2003-03-18,6.29,6.325,6.195,6.2675,5744008,0
2003-03-19,6.2775,6.325,6.1775,6.2475,4350044,0
2003-03-20,6.215,6.37,6.105,6.3125,4475898,0
2003-03-21,6.425,6.63,6.3525,6.5875,6131893,0
2003-03-24,6.375,6.4575,6.2875,6.3225,4173161,0
2003-03-25,6.325,6.5675,6.295,6.5,4604307,0
2003-03-26,6.4975,6.5975,6.44,6.57,4350380,0
2003-03-27,6.49,6.625,6.4475,6.57,3252233,0
2003-03-28,6.5125,6.535,6.4075,6.47,3463720,0
2003-03-31,6.355,6.485,6.2825,6.44,4675619,0
2003-04-01,6.4525,6.4825,6.325,6.3325,4273830,0
2003-04-02,6.455,6.5875,6.44,6.565,4466659,0
2003-04-03,6.54,6.575,6.3825,6.4525,3837992,0
2003-04-04,6.41,6.425,6.2425,6.3,6093554,0
2003-04-07,6.5125,6.5375,6.3725,6.38,4104392,0
2003-04-08,6.335,6.5,6.3275,6.4425,3008441,0
2003-04-09,6.4075,6.55,6.355,6.355,4188755,0
2003-04-10,6.3475,6.4375,6.315,6.4325,2816641,0
2003-04-11,6.45,6.525,6.2175,6.3825,2986261,0
2003-04-14,6.39,6.565,6.385,6.52,2952327,0
2003-04-15,6.5,6.695,6.4725,6.685,4742619,0
2003-04-16,6.5575,6.7175,6.32,6.4325,10866949,0
2003-04-17,6.358,6.47,6.335,6.4625,5629971,0
2003-04-21,6.49,6.4975,6.2675,6.3,4198225,0
2003-04-22,6.29,6.3325,6.205,6.28,5858293,0
2003-04-23,6.2925,6.315,6.1075,6.145,5506558,0
2003-04-24,6.2175,6.35,6.065025,6.3075,5405343,0
2003-04-25,6.025,6.11,5.8375,5.8675,12424232,0
2003-04-28,5.8875,6.0325,5.88,6.0075,4486368,0
2003-04-29,6.0325,6.0375,5.9325,5.98,4315302,0
2003-04-30,5.9325,5.9625,5.865,5.8775,4635717,0
2003-05-01,5.855,6.0175,5.8225,6.0,5165863,0
2003-05-02,5.925,6.0625,5.91,5.945,6859983,0
2003-05-05,5.9725,5.975,5.8725,5.8825,5830223,0
2003-05-06,5.895,6.0625,5.8525,5.99,5604908,0
2003-05-07,5.97,6.025,5.8925,5.9,3710631,0
2003-05-08,5.9075,5.9075,5.74,5.75,5101096,0
2003-05-09,5.85,5.8675,5.745,5.8075,3733178,0
2003-05-12,5.77,5.915,5.7,5.8475,4824876,0
2003-05-13,5.855,5.91,5.76,5.785,4308463,0
2003-05-14,5.8225,5.835,5.745,5.775,3133923,0
2003-05-15,5.8025,5.965,5.78,5.9625,5659947,0
2003-05-16,5.9625,5.9875,5.8475,5.8765,4234160,0
2003-05-19,5.8725,5.875,5.7125,5.725,4550557,0
2003-05-20,5.7775,5.86475,5.7075,5.7675,4901230,0
2003-05-21,5.7275,5.8425,5.725,5.76,2840269,0
2003-05-22,5.7875,5.96,5.76,5.88275,3774091,0
2003-05-23,5.8625,5.91,5.775,5.8575,2458168,0
2003-05-27,5.795,5.9875,5.77,5.925,3750798,0
2003-05-28,5.9225,6.0125,5.8725,5.9075,3002590,0
2003-05-29,5.945,6.0275,5.84,5.9,4372966,0
2003-05-30,5.9775,6.2075,5.975,6.1675,7796044,0
2003-06-02,6.14,6.19975,6.025,6.1225,3525911,0
2003-06-03,6.0975,6.25,6.035,6.105,2314861,0
2003-06-04,6.1,6.1275,6.0325,6.0925,2643936,0
2003-06-05,6.035,6.1875,5.9975,6.16,3497283,0
2003-06-06,6.2275,6.364,6.075,6.12,5548759,0
2003-06-09,6.08,6.1375,6.02,6.0825,2460437,0
2003-06-10,6.1575,6.1575,6.03,6.1,2256545,0
2003-06-11,6.0675,6.105,6.0081,6.085,2903993,0
2003-06-12,6.09,6.1175,5.995,6.04,2931128,0
2003-06-13,6.05,6.065,5.9875,5.995,3154297,0
2003-06-16,5.9975,6.2375,5.9975,6.19,3997913,0
2003-06-17,6.225,6.225,6.0375,6.1125,3912807,0
2003-06-18,6.1,6.1,5.99725,6.04,4969541,0
2003-06-19,6.075,6.1,5.9925,6.0425,2516604,0
2003-06-20,6.1225,6.15,5.9875,6.005,4061080,0
2003-06-23,6.06225,6.095,5.9375,6.02,2596972,0
2003-06-24,6.0625,6.06525,5.9875,6.0125,2820203,0
2003-06-25,6.0475,6.0925,6.0,6.0225,3279458,0
2003-06-26,6.085,6.12,5.9925,6.1125,2645153,0
2003-06-27,6.0525,6.195,6.05,6.1375,3413594,0
2003-06-30,6.04,6.2725,6.0325,6.1375,3856366,0
2003-07-01,6.2375,6.42,6.195,6.3325,7722288,0
2003-07-02,6.5025,6.775,6.465,6.7425,12921087,0
2003-07-03,6.6,6.82,6.6,6.6675,2922554,0
2003-07-07,6.745,6.835,6.6875,6.82,3672317,0
2003-07-08,6.775,6.86,6.6725,6.83,3572483,0
2003-07-09,6.7925,6.825,6.725,6.7825,2562807,0
2003-07-10,6.7125,6.78,6.56,6.6675,3185899,0
2003-07-11,6.68,6.74875,6.6325,6.7125,1950324,0
2003-07-14,6.755,6.8725,6.6875,6.7075,3231736,0
2003-07-15,6.775,6.82,6.595,6.62,3246182,0
2003-07-16,6.625,6.75625,6.5975,6.73,3384922,0
2003-07-17,6.6725,6.74,6.5625,6.5825,2870784,0
2003-07-18,6.6525,6.7,6.525,6.66,2992005,0
2003-07-21,6.5875,6.6825,6.525,6.675,3189888,0
2003-07-22,6.6325,6.8625,6.58,6.7225,3764157,0
2003-07-23,6.7025,6.7475,6.6,6.71,2394733,0
2003-07-24,6.8075,6.8125,6.5875,6.5975,3808617,0
2003-07-25,6.5075,6.7075,6.4725,6.675,3457478,0
2003-07-28,6.7075,6.725,6.5775,6.6525,1987013,0
2003-07-29,6.685,6.7125,6.5175,6.595,2981664,0
2003-07-30,6.6975,6.83,6.64,6.7175,2848435,0
2003-07-31,6.76,6.94225,6.71,6.8325,5587797,0
2003-08-01,6.85,6.88,6.7175,6.7775,3591311,0
2003-08-04,6.75,6.8525,6.5625,6.7375,3329026,0
2003-08-05,6.7675,6.7875,6.56,6.575,3520173,0
2003-08-06,6.56,6.6875,6.505,6.5325,2905774,0
2003-08-07,6.525,6.625,6.5,6.53,2357373,0
2003-08-08,6.5075,6.6325,6.5,6.545,2119128,0
2003-08-11,6.5225,6.6775,6.5125,6.6025,2178320,0
2003-08-12,6.5775,6.67725,6.5625,6.6625,1459422,0
2003-08-13,6.68,6.7025,6.6,6.6275,1996381,0
2003-08-14,6.64,6.785,6.575,6.7375,2300148,0
2003-08-15,6.7325,6.825,6.6725,6.7225,1032707,0
2003-08-18,6.7575,6.8175,6.7325,6.8075,1679468,0
2003-08-19,6.85,6.8575,6.7025,6.7575,1875225,0
2003-08-20,6.755,6.7989999999999995,6.72,6.7825,1777909,0
2003-08-21,6.8,6.8175,6.71,6.7825,1638869,0
2003-08-22,6.815,6.86,6.675,6.7,2283322,0
2003-08-25,6.635,6.7975,6.63,6.795,1641982,0
2003-08-26,6.75,6.79,6.62375,6.775,2588946,0
2003-08-27,6.755,6.8125,6.7125,6.78,1588623,0
2003-08-28,6.825,6.945,6.7575,6.91,2866096,0
2003-08-29,7.0125,7.1325,6.9275,7.0975,4409302,0
2003-09-02,7.0225,7.2125,7.015,7.1875,3585656,0
2003-09-03,7.2375,7.345,7.125,7.24,3613898,0
2003-09-04,7.205,7.325,7.1825,7.2975,3315789,0
2003-09-05,7.24,7.29,7.1425,7.2025,3171154,0
2003-09-08,7.18,7.3725,7.1775,7.2475,4496044,0
2003-09-09,7.235,7.28,7.1975,7.22,3135012,0
2003-09-10,7.1875,7.26,7.115,7.13,3656228,0
2003-09-11,7.1325,7.34825,7.13,7.2625,3724349,0
2003-09-12,7.225,7.305,7.2075,7.29,1952283,0
2003-09-15,7.2925,7.2925,7.21,7.2175,2422965,0
2003-09-16,7.23,7.3775,7.23,7.3525,2567116,0
2003-09-17,7.3475,7.3675,7.2375,7.2775,2506561,0
2003-09-18,7.2675,7.4325,7.2125,7.395,3381742,0
2003-09-19,7.3775,7.4975,7.2425,7.2975,3270878,0
2003-09-22,7.2475,7.295,7.1725,7.27,2220770,0
2003-09-23,7.2525,7.6125,7.225,7.5475,8135114,0
2003-09-24,7.51,7.7375,7.4575,7.525,5684940,0
2003-09-25,7.535,7.545,7.455,7.495,5155904,0
2003-09-26,7.44,7.47,7.3375,7.3925,4041396,0
2003-09-29,7.43,7.43,7.21,7.31,4593284,0
2003-09-30,7.245,7.2675,7.1375,7.2,4107947,0
2003-10-01,7.26,7.3575,7.2,7.325,3182004,0
2003-10-02,7.31,7.4175,7.275,7.3575,2923815,0
2003-10-03,7.5725,7.6975,7.5,7.555,3937925,0
2003-10-06,7.54,7.54,7.45,7.51,2169302,0
2003-10-07,7.5125,7.5725,7.4875,7.5725,2421241,0
2003-10-08,7.575,7.57875,7.475,7.4775,2326927,0
2003-10-09,7.57475,7.72,7.5,7.5525,2907509,0
2003-10-10,7.5325,7.6125,7.4875,7.5475,1254562,0
2003-10-13,7.575,7.67,7.52625,7.5975,1461744,0
2003-10-14,7.5875,7.61,7.5425,7.59,1196320,0
2003-10-15,7.5825,7.65,7.515,7.5625,2573423,0
2003-10-16,7.5375,7.6425,7.5,7.61,2118078,0
2003-10-17,7.6175,7.6475,7.4825,7.515,2043569,0
2003-10-20,7.475,7.585,7.455,7.5475,2193970,0
2003-10-21,7.5,7.5625,7.465,7.4975,1864767,0
2003-10-22,7.4875,7.5175,7.3975,7.48,2191737,0
2003-10-23,7.47,7.595,7.46,7.505,2028282,0
2003-10-24,7.48,7.5875,7.405,7.57,2248883,0
2003-10-27,7.61,7.6225,7.475,7.5025,1645436,0
2003-10-28,7.5625,7.7725,7.5125,7.75,3271576,0
2003-10-29,7.77,7.8675,7.725,7.775,4420609,0
2003-10-30,7.945,8.00025,7.8275,7.86,3568349,0
2003-10-31,7.885,7.975,7.8525,7.9,2250993,0
2003-11-03,7.84,7.9975,7.84,7.9275,2649877,0
2003-11-04,7.8775,7.9875,7.86,7.8925,2358839,0
2003-11-05,7.8825,8.0675,7.83,8.0325,2623620,0
2003-11-06,8.0575,8.1475,7.98,8.13,3034536,0
2003-11-07,8.125,8.2225,8.09,8.1325,2843599,0
2003-11-10,8.1,8.18,8.0,8.02,1699910,0
2003-11-11,8.0,8.0625,7.95,7.9975,1470682,0
2003-11-12,8.0225,8.1625,7.9825,8.1475,2005248,0
2003-11-13,8.115,8.2625,8.065,8.25,4332852,0
2003-11-14,8.125,8.1475,7.9825,8.01675,4951302,0
2003-11-17,8.06,8.12,7.81,7.9275,3552449,0
2003-11-18,7.97,8.0,7.71475,7.7425,3485295,0
2003-11-19,7.73,7.8275,7.5,7.675,4036194,0
2003-11-20,7.605,7.6775,7.5175,7.615,3190275,0
2003-11-21,7.8725,7.8725,7.525,7.6275,2527443,0
2003-11-24,7.6575,7.835,7.6075,7.775,2616320,0
2003-11-25,7.835,7.9375,7.69,7.8775,3172723,0
2003-11-26,8.05,8.1,7.915,8.02,2766235,0
2003-11-28,8.005,8.10275,8.0,8.0425,1028997,0
2003-12-01,8.02,8.1875,8.0025,8.1075,2131627,0
2003-12-02,8.095,8.1025,8.0,8.0125,2780972,0
2003-12-03,7.99,8.175,7.95,7.9875,3298920,0
2003-12-04,7.95,8.04,7.875,8.0025,2320504,0
2003-12-05,7.95625,8.04,7.9175,7.96,2641546,0
2003-12-08,7.955,8.0875,7.93,8.08,1841440,0
2003-12-09,8.1225,8.1375,7.915,7.915,2029457,0
2003-12-10,7.94,7.975,7.87,7.9275,1735831,0
2003-12-11,7.9125,8.1125,7.8825,8.0475,2177817,0
2003-12-12,8.0925,8.0925,7.895,7.9325,2005776,0
2003-12-15,8.015,8.1,7.8625,7.88,2787387,0
2003-12-16,7.8775,8.0475,7.855,8.0,3036164,0
2003-12-17,8.015,8.0425,7.875,7.9425,1897207,0
2003-12-18,7.925,8.095,7.92,8.0825,2392288,0
2003-12-19,8.115,8.145,7.935,8.0225,3399403,0
2003-12-22,8.05,8.0525,7.87,8.0,3160332,0
2003-12-23,8.0,8.0825,7.9275,8.02,2466929,0
2003-12-24,8.05,8.0525,7.9375,7.9625,819016,0
2003-12-26,7.98,8.015,7.9325,7.985,601796,0
2003-12-29,7.9975,8.12125,7.974625,8.075,1731484,0
2003-12-30,8.0925,8.2375,8.05,8.1775,2209916,0
2003-12-31,8.25,8.3575,8.2025,8.29,2883159,0
2004-01-02,8.3625,8.41,8.225,8.2275,3295267,0
2004-01-05,8.2625,8.3725,8.2325,8.3525,3478323,0
2004-01-06,8.605,8.625,8.4125,8.455,4818436,0
2004-01-07,8.415,8.5,8.345,8.42,2422529,0
2004-01-08,8.2575,8.3975,8.25,8.345,3285931,0
2004-01-09,8.3,8.3975,8.2725,8.275,2580162,0
2004-01-12,8.2625,8.3575,8.2375,8.34,2226092,0
2004-01-13,8.33,8.34,8.24,8.2775,2460381,0
2004-01-14,8.275,8.4625,8.275,8.4075,2315311,0
2004-01-15,8.4075,8.575,8.33,8.485,3312960,0
2004-01-16,8.4775,8.665,8.4775,8.64,3238807,0
2004-01-20,8.625,8.75,8.575,8.7075,3420193,0
2004-01-21,8.685,8.825,8.65,8.75,2710655,0
2004-01-22,8.85,9.05,8.83,8.9325,5041662,0
2004-01-23,8.995,9.0325,8.92,8.97,2674641,0
2004-01-26,8.935,9.085,8.8475,9.085,2791158,0
2004-01-27,9.0525,9.1125,8.9,8.92,3661140,0
2004-01-28,8.995,9.05,8.8175,8.865,4529440,0
2004-01-29,8.9925,9.1675,8.9325,9.12,4390733,0
2004-01-30,9.095,9.2025,9.0025,9.1525,4774511,0
2004-02-02,9.205,9.225,9.0025,9.0575,3144749,0
2004-02-03,9.0025,9.18,9.0,9.1175,2430600,0
2004-02-04,9.1075,9.25,9.05,9.215,3207236,0
2004-02-05,9.1875,9.285,9.155,9.19,2648921,0
2004-02-06,9.1775,9.3275,9.175,9.3125,2509712,0
2004-02-09,9.27,9.3375,9.1975,9.2075,1890924,0
2004-02-10,9.1875,9.28,9.1625,9.23,2249474,0
2004-02-11,9.2375,9.35,9.1675,9.3425,2311606,0
2004-02-12,9.3175,9.325,9.205,9.245,2155826,0
2004-02-13,9.205,9.3025,9.11,9.175,3372502,0
2004-02-17,9.125,9.785,9.1225,9.6875,7255837,0
2004-02-18,9.585,9.63,9.405,9.495,3305638,0
2004-02-19,9.545,9.645,9.4725,9.5125,3359408,0
2004-02-20,9.575,9.62,9.415,9.4425,3026026,0
2004-02-23,9.4125,9.5775,9.3625,9.4475,3030660,0
2004-02-24,9.4875,9.79,9.47,9.715,4824571,0
2004-02-25,9.8175,9.92,9.6575,9.7375,4485458,0
2004-02-26,9.28,9.4125,9.1875,9.3525,8358581,0
2004-02-27,9.31,9.4875,9.2725,9.35,4438317,0
2004-03-01,9.4625,9.49,9.305,9.4575,3288961,0
2004-03-02,9.45,9.4625,9.3025,9.3475,2762071,0
2004-03-03,9.3375,9.5,9.3125,9.4525,3009372,0
2004-03-04,9.4075,9.575,9.3875,9.4825,1848790,0
2004-03-05,9.4625,9.685,9.4175,9.505,3557610,0
2004-03-08,9.48,9.585,9.3425,9.365,3580527,0
2004-03-09,9.3475,9.475,9.3075,9.3825,2808432,0
2004-03-10,9.475,9.5875,9.3725,9.4575,4196679,0
2004-03-11,9.4,9.55,9.3875,9.4075,2848020,0
2004-03-12,9.415,9.4975,9.34,9.4,3179715,0
2004-03-15,9.3425,9.45,9.24,9.255,3784238,0
2004-03-16,9.3475,9.41,9.2875,9.345,2811436,0
2004-03-17,9.41,9.4175,9.3175,9.34,2452139,0
2004-03-18,9.36,9.3625,9.22,9.265,3039325,0
2004-03-19,9.2225,9.2975,9.1825,9.1975,3706606,0
2004-03-22,9.1275,9.32,9.1275,9.3,4483888,0
2004-03-23,9.3075,9.3375,9.1675,9.2,3761006,0
2004-03-24,9.17,9.3525,9.1675,9.245,4076479,0
2004-03-25,9.2725,9.35,9.1975,9.3225,2475741,0
2004-03-26,9.2875,9.3325,9.2,9.205,2654749,0
2004-03-29,9.2475,9.4475,9.22,9.4175,2489715,0
2004-03-30,9.4125,9.5275,9.32,9.5075,2988447,0
2004-03-31,9.5675,9.585,9.4175,9.4675,2356518,0
2004-04-01,9.535,9.595,9.415,9.5575,3363736,0
2004-04-02,9.6775,9.905,9.6175,9.825,3509971,0
2004-04-05,9.85,9.925,9.75,9.925,2176413,0
2004-04-06,9.81,9.9775,9.7825,9.925,2611624,0
2004-04-07,9.935,9.9475,9.7575,9.8075,3545473,0
2004-04-08,9.7625,9.8625,9.7025,9.785,2436662,0
2004-04-12,9.805,9.855,9.7425,9.8,1850329,0
2004-04-13,9.86,9.8675,9.5925,9.62,2408210,0
2004-04-14,9.565,9.625,9.475,9.56,2894922,0
2004-04-15,9.605,9.6057,9.4725,9.515,2522406,0
2004-04-16,9.585,9.585,9.435,9.46,3913531,0
2004-04-19,9.475,9.55,9.435,9.5225,2066931,0
2004-04-20,9.5225,9.6475,9.305,9.3075,2659707,0
2004-04-21,9.3875,9.4025,9.185,9.3075,3065221,0
2004-04-22,9.525,9.875,9.5,9.765,5403443,0
2004-04-23,9.7925,9.8425,9.675,9.795,2591183,0
2004-04-26,9.8625,9.8675,9.64,9.75,2118616,0
2004-04-27,9.8175,9.975,9.7575,9.8175,3061177,0
2004-04-28,9.845,9.875,9.6725,9.735,2329894,0
2004-04-29,9.795,9.93,9.675,9.7775,2887048,0
2004-04-30,9.8275,9.905,9.7,9.73,2657684,0
2004-05-03,9.7225,9.84,9.625,9.7875,2462053,0
2004-05-04,9.82,9.9875,9.7575,9.9,3741305,0
2004-05-05,9.925,9.9775,9.8475,9.955,3076486,0
2004-05-06,9.9025,9.9575,9.75,9.8575,2538635,0
2004-05-07,9.75,9.815,9.515,9.5375,3452403,0
2004-05-10,9.495,9.5375,9.405,9.4925,3253333,0
2004-05-11,9.48,9.645,9.435,9.5325,2235237,0
2004-05-12,9.5375,9.5375,9.2575,9.4425,3761031,0
2004-05-13,9.405,9.4725,9.3125,9.4625,2983810,0
2004-05-14,9.46,9.6325,9.4125,9.51,2228849,0
2004-05-17,9.475,9.5,9.375,9.395,3064017,0
2004-05-18,9.455,9.47,9.38,9.4025,1659149,0
2004-05-19,9.4775,9.5225,9.335,9.385,2394901,0
2004-05-20,9.415,9.645,9.4075,9.6175,3897808,0
2004-05-21,9.6575,9.75,9.5875,9.6925,2020136,0
2004-05-24,9.78,9.8075,9.64,9.69,1860866,0
2004-05-25,9.75,9.9125,9.63,9.895,2670792,0
2004-05-26,9.85,9.9475,9.825,9.9175,1878680,0
2004-05-27,10.045,10.1225,9.9475,10.005,4264024,0
2004-05-28,10.0575,10.3,10.025,10.15,4306757,0
2004-06-01,10.1725,10.305,10.155,10.2625,2682307,0
2004-06-02,10.3,10.4275,10.265,10.355,3123283,0
2004-06-03,10.3675,10.4425,10.2875,10.3,2301672,0
2004-06-04,10.3975,10.4525,10.31,10.34,3197988,0
2004-06-07,10.3875,10.5975,10.3675,10.58,2590201,0
2004-06-08,10.565,10.7925,10.5175,10.7725,3775374,0
2004-06-09,10.715,10.8325,10.6375,10.6875,2217694,0
2004-06-10,10.675,10.8025,10.6395,10.6575,1925281,0
2004-06-14,10.645,10.66,10.3175,10.495,3292123,0
2004-06-15,10.55525,10.7175,10.425,10.695,3596113,0
2004-06-16,10.695,10.7375,10.5625,10.73,2225400,0
2004-06-17,10.72,10.8,10.6625,10.765,2083868,0
2004-06-18,10.73,11.05,10.6725,10.925,3486477,0
2004-06-21,10.97,11.0625,10.8875,10.94,2703862,0
2004-06-22,10.96,10.9725,10.7325,10.95,2969827,0
2004-06-23,10.9725,11.0625,10.8875,11.045,2466317,0
2004-06-24,11.035,11.1,10.8675,10.9075,3423406,0
2004-06-25,10.9425,10.96,10.6125,10.8,4907334,0
2004-06-28,10.84,10.9,10.77,10.8175,3002290,0
2004-06-29,10.8625,10.935,10.7575,10.8025,2428978,0
2004-06-30,10.765,10.9425,10.7,10.8725,2906733,0
2004-07-01,11.155,11.275,11.005,11.155,4523434,0
2004-07-02,11.22,11.4525,11.1525,11.385,3990289,0
2004-07-06,11.455,11.5975,11.3425,11.3525,3585376,0
2004-07-07,11.405,11.565,11.3775,11.535,3515342,0
2004-07-08,11.5825,11.59,11.27,11.2875,3145045,0
2004-07-09,11.3475,11.47,11.275,11.415,2550840,0
2004-07-12,11.4225,11.4925,11.2825,11.4025,2310459,0
2004-07-13,11.4375,11.495,11.3725,11.45,2016585,0
2004-07-14,11.45,11.65,11.4175,11.49,3873372,0
2004-07-15,11.5075,11.545,11.4,11.505,3002173,0
2004-07-16,11.5975,11.6125,11.4525,11.5425,4065228,0
2004-07-19,11.62,11.7925,11.5625,11.6425,4472722,0
2004-07-20,11.665,11.68,11.455,11.6075,4724495,0
2004-07-21,11.6075,11.6375,11.355,11.41,4419421,0
2004-07-22,11.625,11.9675,11.44,11.94,6096118,0
2004-07-23,11.9375,11.9475,11.6875,11.765,3559622,0
2004-07-26,11.83725,11.905,11.5775,11.6825,3393331,0
2004-07-27,11.7625,12.0025,11.7075,11.9425,3397285,0
2004-07-28,11.885,12.0225,11.75,11.97,3493981,0
2004-07-29,12.09,12.1,11.6275,11.8825,4078046,0
2004-07-30,11.8,11.885,11.6975,11.7475,2826503,0
2004-08-02,11.7125,11.7825,11.54,11.6175,4051240,0
2004-08-03,11.55,11.68,11.4,11.4625,4298679,0
2004-08-04,11.425,11.505,11.2825,11.3575,4006090,0
2004-08-05,11.375,11.5475,11.2825,11.3225,2635452,0
2004-08-06,11.255,11.2875,10.885,10.92,5499183,0
2004-08-09,10.9325,11.115,10.9325,10.99,2674035,0
2004-08-10,11.0655,11.2725,11.05,11.27,3000660,0
2004-08-11,11.175,11.225,11.1075,11.15,2412841,0
2004-08-12,11.1025,11.1625,10.8875,10.9325,3608714,0
2004-08-13,10.94,11.0175,10.7625,10.7975,3110227,0
2004-08-16,10.7125,11.045,10.635,10.895,2952388,0
2004-08-17,10.945,11.09,10.875,10.925,2370768,0
2004-08-18,10.935,11.125,10.875,11.1225,2990720,0
2004-08-19,11.11725,11.285,11.1125,11.1625,3464205,0
2004-08-20,11.19,11.285,11.125,11.26,2014616,0
2004-08-23,11.3175,11.325,11.185,11.2475,2502864,0
2004-08-24,11.2675,11.44,11.25,11.415,2610041,0
2004-08-25,11.3675,11.5175,11.25,11.51,2889214,0
2004-08-26,10.8825,10.95,10.5125,10.7675,14064313,0
2004-08-27,10.775,10.8725,10.63,10.6425,4648631,0
2004-08-30,10.66875,10.85,10.63,10.69,3082679,0
2004-08-31,10.7375,10.8125,10.6625,10.81,2742374,0
2004-09-01,10.7625,10.85,10.6975,10.8075,2715614,0
2004-09-02,10.84,11.125,10.835,11.1,2549134,0
2004-09-03,11.125,11.2225,11.0375,11.09,2451237,0
2004-09-07,11.17,11.21,11.0075,11.095,2614021,0
2004-09-08,11.0275,11.2,11.025,11.08,2127127,0
2004-09-09,11.1325,11.2025,11.0325,11.155,2280448,0
2004-09-10,11.1525,11.2325,11.08,11.215,1535421,0
2004-09-13,11.24,11.31,11.1575,11.2575,3224456,0
2004-09-14,11.2825,11.4925,11.235,11.4925,2609511,0
2004-09-15,11.555,11.5625,11.32,11.355,2522905,0
2004-09-16,11.405,11.435,11.3325,11.405,1298476,0
2004-09-17,11.4575,11.5725,11.4175,11.5125,2202909,0
2004-09-20,11.4575,11.4925,11.2925,11.4,2041017,0
2004-09-21,11.3875,11.4875,11.3,11.4325,2242414,0
2004-09-22,11.35,11.355,11.05,11.1925,3893231,0
2004-09-23,11.1875,11.295,11.1675,11.1675,1981613,0
2004-09-24,11.19,11.385,11.0875,11.26,2673902,0
2004-09-27,11.215,11.2525,11.045,11.095,4392135,0
2004-09-28,11.1575,11.1775,11.08,11.145,2032839,0
2004-09-29,11.1475,11.3775,11.0925,11.375,2368826,0
2004-09-30,11.3125,11.4025,11.25,11.365,3078837,0
2004-10-01,11.49,11.805,11.3225,11.805,4976164,0
2004-10-04,11.87,11.8875,11.6875,11.7625,3511842,0
2004-10-05,11.775,11.9075,11.7075,11.8575,2128643,0
2004-10-06,11.8375,12.0,11.7825,11.995,3357798,0
2004-10-07,11.5275,11.85,11.515,11.7725,5826708,0
2004-10-08,11.9075,12.1675,11.8125,11.8475,4097263,0
2004-10-11,11.895,12.0,11.8475,11.9525,1389131,0
2004-10-12,11.925,12.0425,11.8475,12.01,2155868,0
2004-10-13,12.0,12.0625,11.7675,11.9125,2468212,0
2004-10-14,11.9325,12.055,11.775,11.9475,3747302,0
2004-10-15,12.03,12.4175,11.9675,12.3675,4593698,0
2004-10-18,12.3225,12.6,12.2575,12.575,4117425,0
2004-10-19,12.5725,12.875,12.45,12.5775,6262010,0
2004-10-20,12.6,12.685,12.4825,12.565,3106239,0
2004-10-21,12.585,12.7075,12.35,12.69,3410615,0
2004-10-22,12.7225,12.84,12.525,12.535,2376626,0
2004-10-25,12.56,12.5975,12.39,12.415,2483774,0
2004-10-26,12.485,12.66,12.425,12.6275,3051183,0
2004-10-27,12.5775,12.9625,12.5525,12.9475,3263154,0
2004-10-28,12.895,13.2125,12.7775,13.2125,3012449,0
2004-10-29,13.155,13.3125,13.1125,13.22,3765850,0
2004-11-01,13.1675,13.4,13.15,13.325,2651407,0
2004-11-02,13.295,13.395,13.2375,13.245,2748604,0
2004-11-03,13.35,13.455,13.2525,13.37,3734927,0
2004-11-04,13.355,13.7425,13.325,13.6625,4348176,0
2004-11-05,13.715,13.7725,13.5525,13.6275,2646307,0
2004-11-08,13.725,13.75,13.535,13.6,2103269,0
2004-11-09,13.6325,13.825,13.575,13.705,2397771,0
2004-11-10,13.85,14.1375,13.7925,13.8225,5423271,0
2004-11-11,13.325,13.935,13.275,13.8605,7973903,0
2004-11-12,13.85,13.8875,13.7225,13.825,3011314,0
2004-11-15,13.7975,13.86,13.6875,13.79,2675596,0
2004-11-16,13.665,13.815,13.6375,13.66,2202847,0
2004-11-17,13.71,13.9375,13.6625,13.8975,2638616,0
2004-11-18,13.8525,13.975,13.795,13.945,2132156,0
2004-11-19,13.9825,14.1175,13.755,13.8025,2060633,0
2004-11-22,13.85,14.1875,13.75,14.1225,2625092,0
2004-11-23,14.12,14.215,14.0225,14.1025,2608033,0
2004-11-24,14.1725,14.25,14.12,14.1925,1912872,0
2004-11-26,14.1875,14.25,14.11,14.15,659889,0
2004-11-29,14.1825,14.205,13.91,14.1025,2468306,0
2004-11-30,14.0475,14.1625,13.985,14.065,2349500,0
2004-12-01,14.0825,14.3975,14.0725,14.3875,2902116,0
2004-12-02,14.7975,14.83,14.41,14.6625,5026514,0
2004-12-03,14.6875,14.725,14.4665,14.6455,2777778,0
2004-12-06,14.67,14.73,14.5,14.685,1997284,0
2004-12-07,14.7725,14.8,14.315,14.3175,3121683,0
2004-12-08,14.385,14.6175,14.3575,14.5525,3003337,0
2004-12-09,14.4375,14.685,14.35,14.6625,2623792,0
2004-12-10,14.555,14.61,14.465,14.515,2346890,0
2004-12-13,14.64,14.675,14.5175,14.6725,1711877,0
2004-12-14,14.685,14.7225,14.5725,14.68,2516033,0
2004-12-15,14.75,14.75,14.5775,14.67,1951042,0
2004-12-16,14.6275,14.7275,14.4525,14.51,2095337,0
2004-12-17,14.62,14.685,14.4725,14.545,3542858,0
2004-12-20,14.67,14.7675,14.6075,14.6875,2412463,0
2004-12-21,14.755,14.775,14.6025,14.74,2767718,0
2004-12-22,14.7775,15.325,14.725,15.285,5523590,0
2004-12-23,15.275,15.3725,15.155,15.155,2349810,0
2004-12-27,15.2675,15.3875,15.04,15.35,2808478,0
2004-12-28,15.4375,15.7725,15.4125,15.7725,3281587,0
2004-12-29,15.7675,16.025,15.75,15.9675,2994064,0
2004-12-30,16.0375,16.065,15.66,15.66,2798257,0
2004-12-31,15.74,15.7625,15.495,15.59,2830077,0
2005-01-03,15.8225,15.835,15.1425,15.285,5572477,0
2005-01-04,15.4225,15.585,15.2275,15.275,3974690,0
2005-01-05,15.2525,15.55,15.155,15.4,4469733,0
2005-01-06,14.9025,15.0425,14.525,14.935,9752769,0
2005-01-07,15.0,15.1125,14.7625,14.9175,3332888,0
2005-01-10,14.8425,14.9,14.4,14.4575,6421283,0
2005-01-11,14.3125,14.415,13.9125,14.3475,7799247,0
2005-01-12,14.3475,14.5075,14.0525,14.255,4479828,0
2005-01-13,14.105,14.1975,13.785,13.8425,5935253,0
2005-01-14,13.815,14.2275,13.7875,14.0525,5317158,0
2005-01-18,14.12,14.5225,14.0125,14.4875,3710285,0
2005-01-19,14.615,14.71,14.4125,14.4375,3956389,0
2005-01-20,14.4975,14.58,14.115,14.1525,4853173,0
2005-01-21,14.2175,14.2375,13.8375,13.92,4809744,0
2005-01-24,13.89,13.915,13.1025,13.4775,7794541,0
2005-01-25,13.48,13.7875,13.455,13.5,5090191,0
2005-01-26,13.6225,13.8525,13.4675,13.835,5536833,0
2005-01-27,13.7,13.8,13.07,13.2575,13352758,0
2005-01-28,13.3125,13.425,13.025,13.425,6307976,0
2005-01-31,13.49,13.5625,13.3475,13.5,4552269,0
2005-02-01,13.54,13.6475,13.4375,13.5875,2998482,0
2005-02-02,13.74,13.745,13.375,13.5,3093222,0
2005-02-03,12.6025,12.74,12.285,12.3925,16409971,0
2005-02-04,12.40875,12.7025,12.295,12.665,5601346,0
2005-02-07,12.7675,12.86,12.5775,12.75,3420715,0
2005-02-08,12.8025,12.925,12.6825,12.8925,3516582,0
2005-02-09,12.8975,12.9175,12.5875,12.6375,3044831,0
2005-02-10,12.7925,12.8125,12.545,12.545,3600937,0
2005-02-11,12.42,12.6625,12.3025,12.545,4980085,0
2005-02-14,12.565,12.595,12.46,12.4625,2981684,0
2005-02-15,12.4975,12.7375,12.3875,12.6275,4176574,0
2005-02-16,12.675,12.7125,12.5025,12.5975,3345035,0
2005-02-17,12.555,12.6525,12.4375,12.45,2852370,0
2005-02-18,12.475,12.535,12.43,12.4825,2412525,0
2005-02-22,12.38,12.61,12.3775,12.4075,3856123,0
2005-02-23,12.495,12.6275,12.39,12.475,2805993,0
2005-02-24,12.4725,12.8125,12.4375,12.7875,3675530,0
2005-02-25,12.81,12.9075,12.715,12.7925,2836410,0
2005-02-28,12.7975,13.035,12.77,12.9525,3664251,0
2005-03-01,12.9725,13.1775,12.8975,13.145,3370753,0
2005-03-02,13.2075,13.345,13.0675,13.2025,3381736,0
2005-03-03,13.64,13.6875,13.25,13.3975,5989764,0
2005-03-04,13.58225,13.675,13.482999999999999,13.61,3741659,0
2005-03-07,13.7175,13.8975,13.65,13.7875,3032434,0
2005-03-08,13.825,13.845,13.45,13.64,3483699,0
2005-03-09,13.625,13.75,13.55,13.64,3173737,0
2005-03-10,13.6125,13.72,13.3125,13.575,3093314,0
2005-03-11,13.605,13.6325,13.35,13.375,2492334,0
2005-03-14,13.4575,13.5975,13.4025,13.425,2367950,0
2005-03-15,13.445,13.53,13.3,13.335,2566786,0
2005-03-16,13.28,13.31,12.9375,13.015,4220828,0
2005-03-17,12.9575,13.1925,12.9075,13.035,2156420,0
2005-03-18,13.0025,13.13,12.9325,13.13,3474710,0
2005-03-21,13.12,13.1375,12.85,13.0425,1992322,0
2005-03-22,13.055,13.1575,12.915,12.915,2682380,0
2005-03-23,12.9825,13.02,12.68,12.86,3643297,0
2005-03-24,12.905,13.16,12.8,12.9625,2535939,0
2005-03-28,12.955,13.2175,12.955,13.045,2376469,0
2005-03-29,13.0,13.3425,12.9775,13.1425,2803422,0
2005-03-30,13.1825,13.26,13.03,13.2025,2216881,0
2005-03-31,13.23,13.2475,12.9125,12.915,2904638,0
2005-04-01,13.0575,13.0575,12.6525,12.81475,3938239,0
2005-04-04,12.76,12.88,12.705,12.8525,3094339,0
2005-04-05,12.85,12.9925,12.7425,12.935,2304272,0
2005-04-06,13.0,13.095,12.93,13.0325,2873250,0
2005-04-07,12.72,12.7475,12.3675,12.625,9432737,0
2005-04-08,12.625,12.69,12.1475,12.155,7159469,0
2005-04-11,12.15,12.1875,11.61,11.8775,9576431,0
2005-04-12,11.8225,12.0075,11.705,11.9875,7734603,0
2005-04-13,11.9375,12.0125,11.74,11.7775,5062840,0
2005-04-14,11.77,11.8525,11.67,11.7175,4175622,0
2005-04-15,11.8125,12.095,11.725,11.835,6558237,0
2005-04-18,11.7975,11.895,11.605,11.75,4867283,0
2005-04-19,11.8125,11.8375,11.4875,11.555,4606188,0
2005-04-20,11.4875,11.6175,11.145,11.4175,5834272,0
2005-04-21,11.4525,11.625,11.4525,11.6025,3097221,0
2005-04-22,11.5925,11.6175,11.35,11.39,2517806,0
2005-04-25,11.5925,11.975,11.555,11.8625,5242128,0
2005-04-26,11.875,11.95,11.6525,11.6525,3067580,0
2005-04-27,11.6875,11.805,11.51,11.6025,3716172,0
2005-04-28,12.1175,12.3475,12.095,12.14,7129186,0
2005-04-29,12.3975,12.4575,12.0425,12.38,5007199,0
2005-05-02,12.4575,12.5,12.3,12.4525,5017240,0
2005-05-03,12.42,12.555,12.3525,12.5025,3628338,0
2005-05-04,12.5125,12.6975,12.45,12.6525,3652670,0
2005-05-05,12.915,13.11225,12.7525,13.06,6111360,0
2005-05-06,13.1975,13.2725,13.0625,13.105,4118179,0
2005-05-09,13.17,13.175,12.9325,13.0575,2805823,0
2005-05-10,12.995,13.0475,12.9075,12.975,2221329,0
2005-05-11,13.025,13.25,12.965,13.2375,2946041,0
2005-05-12,13.2225,13.3125,13.1175,13.2875,3377556,0
2005-05-13,13.325,13.5025,13.22,13.5,4038466,0
2005-05-16,13.51,13.5275,13.325,13.4475,2255731,0
2005-05-17,13.425,13.52,13.2625,13.5125,2511270,0
2005-05-18,13.525,13.8,13.46,13.7625,3312666,0
2005-05-19,13.6725,13.79,13.6425,13.77,2284868,0
2005-05-20,13.6925,13.8275,13.68,13.7475,2890584,0
2005-05-23,13.7375,13.835,13.67,13.73,2429502,0
2005-05-24,13.6375,13.7625,13.5875,13.695,2416253,0
2005-05-25,13.605,13.7525,13.585,13.75,2177250,0
2005-05-26,13.8325,13.87,13.715,13.7975,2800210,0
2005-05-27,13.835,13.93,13.77275,13.9075,1894180,0
2005-05-31,13.8525,13.91,13.6825,13.6975,3159577,0
2005-06-01,13.73,13.995,13.6975,13.9275,3447001,0
2005-06-02,13.74125,14.0775,13.625,14.0625,3168998,0
2005-06-03,14.0775,14.1875,13.8325,13.865,2596709,0
2005-06-06,13.875,14.0,13.855,13.9475,1657240,0
2005-06-07,13.9375,14.225,13.8675,13.8775,2814499,0
2005-06-08,13.9125,13.985,13.75,13.7775,1813033,0
2005-06-09,13.775,13.97,13.6525,13.825,2656711,0
2005-06-10,13.805,13.8625,13.5625,13.6925,2676737,0
2005-06-13,13.6875,13.845,13.6625,13.8275,2393078,0
2005-06-14,13.7875,13.86,13.7225,13.81,1898111,0
2005-06-15,13.8125,13.8675,13.6525,13.82625,2820161,0
2005-06-16,13.7925,13.835,13.67,13.7525,1392978,0
2005-06-17,13.96,13.96,13.5175,13.6375,5730062,0
2005-06-20,13.605,13.6725,13.4375,13.6075,1527842,0
2005-06-21,13.525,13.5975,13.4,13.4675,2065010,0
2005-06-22,13.5625,13.575,13.37,13.4925,1447798,0
2005-06-23,13.4925,13.6,13.28,13.3,2458878,0
2005-06-24,13.3,13.42,13.105,13.11,2300597,0
2005-06-27,13.025,13.1,12.9375,12.99,2348343,0
2005-06-28,13.025,13.2825,12.88,13.265,4127064,0
2005-06-29,13.265,13.27,12.95,13.0425,2827767,0
2005-06-30,13.005,13.0775,12.8825,12.915,3412558,0
2005-07-01,12.9325,12.9725,12.7125,12.7625,2437096,0
2005-07-05,12.89,13.0725,12.7525,12.995,2811528,0
2005-07-06,12.975,13.025,12.585,12.645,4495381,0
2005-07-07,12.45,12.5875,12.32,12.5475,4260057,0
2005-07-08,12.545,12.9825,12.505,12.945,3751186,0
2005-07-11,13.0,13.0475,12.88,13.0075,2111586,0
2005-07-12,12.935,13.01,12.7695,12.99,1989990,0
2005-07-13,12.945,13.0,12.875,12.9275,2365201,0
2005-07-14,13.085,13.135,12.9575,13.115,2504810,0
2005-07-15,13.1725,13.25,13.125,13.175,2491691,0
2005-07-18,13.1075,13.1275,13.0325,13.0875,1864680,0
2005-07-19,13.0525,13.1225,12.85,12.9025,2959599,0
2005-07-20,12.875,13.055,12.83,13.0075,2679534,0
2005-07-21,12.9625,13.0075,12.7525,12.905,2090227,0
2005-07-22,12.895,13.0075,12.8075,12.83,2381886,0
2005-07-25,12.7525,12.81,12.54,12.6125,3226526,0
2005-07-26,12.625,12.6875,12.5375,12.5975,3334186,0
2005-07-27,12.5975,12.6875,12.475,12.5875,4580702,0
2005-07-28,13.39,13.5975,13.075,13.17,12971121,0
2005-07-29,13.2675,13.3125,13.135,13.1375,3279003,0
2005-08-01,13.1375,13.1925,13.0025,13.0475,2801600,0
2005-08-02,13.01,13.1625,12.995,13.0275,2459565,0
2005-08-03,12.9575,13.055,12.9375,12.975,2672352,0
2005-08-04,12.9875,13.075,12.72,12.745,2094004,0
2005-08-05,12.7125,12.77,12.6325,12.635,1449819,0
2005-08-08,12.5975,12.7875,12.5975,12.7475,2349665,0
2005-08-09,12.7625,12.96,12.74,12.9425,3074473,0
2005-08-10,13.0,13.1075,12.8325,12.8425,2334705,0
2005-08-11,12.83,13.1625,12.825,13.095,3087440,0
2005-08-12,12.925,13.0125,12.89,13.0075,3134934,0
2005-08-15,12.91,13.1075,12.8975,13.06,1582782,0
2005-08-16,13.0375,13.07,12.7725,12.7725,2519361,0
2005-08-17,12.8,12.9125,12.7675,12.8325,1496333,0
2005-08-18,12.75,12.865,12.74505,12.7875,1218987,0
2005-08-19,12.7375,12.8825,12.73,12.775,1475033,0
2005-08-22,12.78,12.875,12.56,12.66,1850876,0
2005-08-23,12.655,12.6875,12.507575,12.56,2107078,0
2005-08-24,12.5125,12.57,12.3425,12.355,2844630,0
2005-08-25,12.4,12.455,12.2775,12.3575,2498605,0
2005-08-26,12.3,12.3875,12.2125,12.355,2178131,0
2005-08-29,12.2625,12.357375,12.2175,12.3025,1702196,0
2005-08-30,12.25,12.2775,12.0325,12.1425,3641563,0
2005-08-31,12.175,12.2825,12.0,12.2575,4033392,0
2005-09-01,12.45,12.5075,12.1625,12.1725,4906999,0
2005-09-02,12.2475,12.2675,12.06,12.075,1881127,0
2005-09-06,12.0875,12.2275,12.0575,12.135,2352523,0
2005-09-07,12.1075,12.1575,11.9825,12.0675,3005208,0
2005-09-08,12.0125,12.09,11.895,12.0525,2065309,0
2005-09-09,12.1175,12.1375,12.03,12.0975,1884320,0
2005-09-12,12.0525,12.18,12.0525,12.115,3764965,0
2005-09-13,12.075,12.1175,11.97,11.99,3275518,0
2005-09-14,11.9925,12.03,11.7675,11.79,3295076,0
2005-09-15,11.7875,11.8675,11.715,11.8225,2722367,0
2005-09-16,11.815,11.86,11.725,11.745,4813158,0
2005-09-19,11.75,11.81,11.59,11.63,2564184,0
2005-09-20,11.625,11.775,11.5025,11.54,3365301,0
2005-09-21,11.6425,11.775,11.530375,11.6675,4052412,0
2005-09-22,11.7425,12.12,11.7425,12.0775,4372579,0
2005-09-23,12.125,12.24,12.085,12.135,2718146,0
2005-09-26,12.25,12.2575,12.065,12.16,2774894,0
2005-09-27,12.245,12.28,12.075,12.1375,2242580,0
2005-09-28,12.21,12.225,11.9725,11.995,2636430,0
2005-09-29,11.9875,12.2875,11.885,12.2825,4078960,0
2005-09-30,12.3425,12.54,12.2075,12.525,3840713,0
2005-10-03,12.5775,12.62,12.4625,12.6,3111732,0
2005-10-04,12.6175,12.72,12.6,12.635,3121921,0
2005-10-05,12.615,12.6475,12.43,12.4525,3400810,0
2005-10-06,12.875,13.025,12.7675,12.9175,7861202,0
2005-10-07,12.94,12.9575,12.6975,12.76,2831602,0
2005-10-10,12.755,12.95,12.575,12.83,2457249,0
2005-10-11,12.8225,12.91,12.7375,12.785,2218640,0
2005-10-12,12.75,12.975,12.625,12.68,2893021,0
2005-10-13,12.72,13.2875,12.71,13.225,5497666,0
2005-10-14,13.1975,13.25,13.1175,13.22,3511553,0
2005-10-17,13.15,13.3275,13.11,13.2725,2053482,0
2005-10-18,13.1925,13.2625,13.07,13.15,2100824,0
2005-10-19,13.1625,13.685,13.075,13.685,4618171,0
2005-10-20,13.645,13.7725,13.4475,13.5475,4179234,0
2005-10-21,13.7225,13.8125,13.6,13.7525,3804911,0
2005-10-24,13.835,14.125,13.75,13.945,6381413,0
2005-10-25,14.0,14.05,13.775,13.945,5669596,0
2005-10-26,14.01,14.125,13.775,13.835,4300206,0
2005-10-27,13.79,13.95,13.435,13.435,4695315,0
2005-10-28,13.565,13.915,13.56,13.905,4677602,0
2005-10-31,14.0,14.245,13.85,14.14,7554499,0
2005-11-01,14.15,14.2,14.035,14.075,6992580,0
2005-11-02,14.225,14.52,14.13,14.415,6876950,0
2005-11-03,14.475,14.95,14.42,14.715,8807415,0
2005-11-04,15.185,15.29,15.05,15.18,6551482,0
2005-11-07,15.37,15.485,15.115,15.205,5991291,0
2005-11-08,15.2,15.25,14.715,14.75,7092417,0
2005-11-09,14.75,14.91,14.72,14.75,5083325,0
2005-11-10,14.41,14.99,14.37,14.985,7894069,0
2005-11-11,15.04,15.16,14.985,15.075,4336280,0
2005-11-14,15.095,15.25,15.07,15.155,3381201,0
2005-11-15,15.34,15.34,14.98,15.14,2855934,0
2005-11-16,15.24,15.29,15.085,15.21,3380495,0
2005-11-17,15.38,15.625,15.255,15.61,5869579,0
2005-11-18,15.745,15.81,15.38,15.49,7379598,0
2005-11-21,15.61,16.0,15.605,15.95,7698729,0
2005-11-22,15.92,15.99,15.69,15.775,5835982,0
2005-11-23,15.8,15.935,15.735,15.875,3938150,0
2005-11-25,15.945,16.0,15.765,15.85,1760432,0
2005-11-28,15.825,15.95,15.55,15.565,3882027,0
2005-11-29,15.75,15.765,15.42,15.42,5309177,0
2005-11-30,15.45,15.585,15.225,15.225,5597756,0
2005-12-01,15.17,15.68,15.17,15.57,6512500,0
2005-12-02,15.97,16.0,15.775,15.965,5896027,0
2005-12-05,15.975,16.03,15.715,15.98,4496535,0
2005-12-06,15.91,16.23,15.875,15.9,5539466,0
2005-12-07,15.975,15.995,15.595,15.67,4277010,0
2005-12-08,15.6775,15.79,15.34,15.425,5294483,0
2005-12-09,15.395,15.57,15.355,15.555,3381150,0
2005-12-12,15.69,15.72,15.295,15.445,3574582,0
2005-12-13,15.36,15.785,15.35,15.75,3973689,0
2005-12-14,15.7325,15.88,15.66,15.83,3624745,0
2005-12-15,15.78,16.16,15.72,15.81,3926002,0
2005-12-16,15.765,15.97,15.575,15.595,10163851,0
2005-12-19,15.575,15.865,15.31,15.325,3988705,0
2005-12-20,15.35,15.38,15.05,15.08,5373853,0
2005-12-21,15.185,15.375,15.11,15.265,4011124,0
2005-12-22,15.305,15.505,15.275,15.39,4098281,0
2005-12-23,15.54,15.555,15.26,15.28,1912147,0
2005-12-27,15.32,15.49,15.19495,15.275,3023897,0
2005-12-28,15.225,15.425,15.225,15.28,2169470,0
2005-12-29,15.275,15.425,15.225,15.255,2050458,0
2005-12-30,15.1975,15.24,14.97,15.005,3411857,0
2006-01-03,15.285,15.5,14.95,15.435,6397681,0
2006-01-04,15.59,15.86,15.44,15.835,6091762,0
2006-01-05,15.85,15.995,15.695,15.805,4016227,0
2006-01-06,15.83,15.875,15.63515,15.81,4605055,0
2006-01-09,15.855,15.865,15.595,15.65,4209196,0
2006-01-10,15.6,15.64,15.495,15.51,3809575,0
2006-01-11,15.45,15.65,15.3725,15.56,3527189,0
2006-01-12,15.51,15.615,15.47,15.48,3077788,0
2006-01-13,15.57,15.725,15.485,15.645,2985007,0
2006-01-17,15.54,15.745,15.53,15.57,3645719,0
2006-01-18,15.505,15.775,15.49,15.565,3408731,0
2006-01-19,15.555,15.79,15.495,15.675,3326809,0
2006-01-20,15.72,15.765,15.09,15.1545,6511104,0
2006-01-23,15.21,15.375,14.955,15.12,3587021,0
2006-01-24,15.12,15.375,15.1,15.355,3801707,0
2006-01-25,15.315,15.38,15.095,15.18,3638203,0
2006-01-26,15.415,15.76,15.25,15.745,4649274,0
2006-01-27,15.795,16.155,15.72,15.975,4702268,0
2006-01-30,16.045,16.16,15.86,15.935,3350605,0
2006-01-31,15.98,16.015,15.665,15.85,4535574,0
2006-02-01,15.64,16.015,15.57,15.68,6835073,0
2006-02-02,16.575,17.425,16.5,17.2,20578153,0
2006-02-03,17.1,17.28,16.815,16.94,9360337,0
2006-02-06,16.75,17.255,16.745,17.245,6237594,0
2006-02-07,17.2,17.28,17.025,17.16,7352471,0
2006-02-08,17.255,17.5,17.1,17.36,6405129,0
2006-02-09,17.555,17.665,17.36,17.595,6999433,0
2006-02-10,17.6775,17.815,17.5,17.75,5246761,0
2006-02-13,17.18,17.355,17.035,17.285,6916977,0
2006-02-14,17.4,17.455,17.22,17.335,5517392,0
2006-02-15,17.355,17.65,17.035999999999998,17.59,4935744,0
2006-02-16,17.66,17.925,17.55,17.925,5401041,0
2006-02-17,17.78,17.96,17.685,17.695,4028344,0
2006-02-21,17.725,18.025,17.46,17.63,4331005,0
2006-02-22,17.7,18.185,17.68,18.01,5216485,0
2006-02-23,18.005,18.435,17.96,18.084,5487353,0
2006-02-24,18.15,18.185,17.79,17.96,4517392,0
2006-02-27,17.935,18.39,17.91,18.35,4039027,0
2006-02-28,18.27,18.345,17.97,18.16,4937926,0
2006-03-01,18.165,18.31,17.925,18.14,4352241,0
2006-03-02,18.08,18.155,17.66,17.725,7367782,0
2006-03-03,18.0175,18.215,17.75,17.79,5781091,0
2006-03-06,17.835,18.23,17.6,17.955,5804853,0
2006-03-07,17.925,18.12,17.69,17.775,4293210,0
2006-03-08,17.96,17.97,17.395,17.675,4073702,0
2006-03-09,17.65,17.8195,17.425,17.46,3535872,0
2006-03-10,17.575,17.865,17.365,17.695,6166873,0
2006-03-13,17.525,17.76,17.45,17.515,3978250,0
2006-03-14,17.505,18.2,17.417,18.125,5672609,0
2006-03-15,18.125,18.31,18.08,18.255,4846368,0
2006-03-16,18.305,18.36,18.05,18.09,3320321,0
2006-03-17,18.155,18.55,18.1,18.305,8133162,0
2006-03-20,18.395,18.675,18.365,18.445,5037715,0
2006-03-21,18.495,18.685,18.12,18.14,4754515,0
2006-03-22,18.17,18.37,18.085,18.28,3720023,0
2006-03-23,18.15,18.245,17.91,18.065,3685589,0
2006-03-24,18.1375,18.445,18.07,18.31,3674993,0
2006-03-27,18.2975,18.46,18.16,18.295,4407910,0
2006-03-28,18.3725,18.61,18.165,18.3,4861571,0
2006-03-29,18.465,18.885,18.32,18.765,6449886,0
2006-03-30,18.815,19.055,18.6,18.765,4816806,0
2006-03-31,18.76,18.965,18.72,18.815,4306176,0
2006-04-03,18.99,19.25,18.875,18.995,7615525,0
2006-04-04,19.125,19.24,18.985,19.165,4673099,0
2006-04-05,19.145,19.175,18.625,18.745,5735249,0
2006-04-06,18.725,18.94,18.525,18.725,4625140,0
2006-04-07,19.25,19.48,18.875,18.93,6921097,0
2006-04-10,19.055,19.125,18.93,18.985,2782296,0
2006-04-11,19.125,19.155,18.745,18.785,3956507,0
2006-04-12,18.905,19.055,18.845,19.005,2639897,0
2006-04-13,19.0925,19.34,18.95,19.145,3823579,0
2006-04-17,19.34,19.345,18.745,18.93,4832920,0
2006-04-18,19.105,19.46,18.99,19.285,5669509,0
2006-04-19,19.26,19.6,19.26,19.44,4720756,0
2006-04-20,19.54,19.6,19.4,19.43,3712210,0
2006-04-21,19.59,19.75,19.15,19.35,5732063,0
2006-04-24,19.495,19.56,19.25,19.305,3794719,0
2006-04-25,19.37,19.45,19.01,19.08,4622480,0
2006-04-26,19.135,19.165,18.745,18.78,6853343,0
2006-04-27,18.605,18.775,18.385,18.48,9905432,0
2006-04-28,18.6,18.745,18.495,18.635,5561111,0
2006-05-01,18.815,18.99,18.6,18.625,9058401,0
2006-05-02,18.77,19.1,18.56,18.91,7737832,0
2006-05-03,18.95,18.965,18.5,18.675,8118394,0
2006-05-04,18.645,19.73,18.5,19.395,14755021,0
2006-05-05,19.52,19.94,19.52,19.815,7467958,0
2006-05-08,19.69,19.775,19.615,19.63,5686679,0
2006-05-09,19.62,19.66,19.185,19.225,6328506,0
2006-05-10,19.22,19.26,19.0,19.1,6407019,0
2006-05-11,18.995,19.055,18.03,18.27,11528361,0
2006-05-12,18.255,18.34,17.735,17.825,8391597,0
2006-05-15,17.875,18.17,17.56,18.15,6926627,0
2006-05-16,18.19,18.54,18.09,18.53,9310597,0
2006-05-17,18.4,18.44,18.085,18.205,6988961,0
2006-05-18,18.225,18.25,17.965,17.99,6682947,0
2006-05-19,17.955,18.275,17.885,18.165,10901064,0
2006-05-22,18.38,18.425,17.94,18.115,6652575,0
2006-05-23,18.15,18.275,17.795,17.795,4866185,0
2006-05-24,17.63,17.835,17.3,17.605,9359243,0
2006-05-25,17.695,17.96,17.52,17.72,6184313,0
2006-05-26,17.82,17.875,17.605,17.715,3254985,0
2006-05-30,17.655,17.7,17.34,17.465,5165933,0
2006-05-31,17.465,17.84,17.44,17.825,6245492,0
2006-06-01,17.745,18.15,17.745,18.105,8618127,0
2006-06-02,18.1,18.155,17.775,17.995,5132293,0
2006-06-05,17.92,18.09,17.675,17.69,5055491,0
2006-06-06,17.75,17.78,17.455,17.635,5771425,0
2006-06-07,17.655,17.995,17.56,17.855,5825930,0
2006-06-08,17.75,18.22,17.625,18.12,9456019,0
2006-06-09,18.065,18.245,17.91,17.945,5300440,0
2006-06-12,17.95,18.015,17.69,17.71,4819465,0
2006-06-13,17.63,17.875,17.52,17.575,7186475,0
2006-06-14,17.54,17.945,17.465,17.935,5878548,0
2006-06-15,17.96,18.44,17.76,18.395,5367076,0
2006-06-16,18.295,18.49,18.175,18.305,7373055,0
2006-06-19,18.4,18.4,17.865,17.98,4855588,0
2006-06-20,17.935,18.2,17.845,17.915,4735285,0
2006-06-21,18.0,18.415,17.96,18.21,4988038,0
2006-06-22,18.25,18.275,17.895,18.045,3789222,0
2006-06-23,18.03,18.51,18.01495,18.25,5002895,0
2006-06-26,18.345,18.435,18.15,18.245,3694569,0
2006-06-27,18.165,18.29,17.835,17.87,5352755,0
2006-06-28,17.89,17.95,17.71,17.865,4561143,0
2006-06-29,18.02,19.0,17.975,18.985,8927652,0
2006-06-30,18.99,19.01,18.835,18.88,5787606,0
2006-07-03,18.98,19.165,18.965,19.01,1988691,0
2006-07-05,18.89,18.96,18.53,18.78,4351006,0
2006-07-06,18.855,19.0,18.725,18.94,4097447,0
2006-07-07,17.96,18.07,17.55,18.02,16226794,0
2006-07-10,18.05,18.12,17.76,17.815,5663342,0
2006-07-11,17.735,18.045,17.555,17.99,5491928,0
2006-07-12,17.995,17.995,17.045,17.215,11790305,0
2006-07-13,17.135,17.26,16.8,17.01,11933500,0
2006-07-14,16.98,17.015,16.635,16.83,8312419,0
2006-07-17,16.73,17.215,16.55,17.12,7103369,0
2006-07-18,17.055,17.19,16.465,16.7,13383995,0
2006-07-19,16.825,17.06,16.625,16.92,7140800,0
2006-07-20,17.155,17.21,16.645,16.705,7092553,0
2006-07-21,16.57,17.045,16.53,16.895,8332490,0
2006-07-24,16.945,17.375,16.9,17.355,6852351,0
2006-07-25,17.255,17.745,17.245,17.7,7986095,0
2006-07-26,17.475,17.54,16.9,17.01,11722749,0
2006-07-27,17.075,17.245,16.72375,16.79,5355828,0
2006-07-28,16.835,17.22,16.83,17.015,5573030,0
2006-07-31,16.965,17.245,16.83,17.115,4667212,0
2006-08-01,16.955,16.995,16.2,16.48,13778740,0
2006-08-02,16.375,16.855,16.375,16.65,19107241,0
2006-08-03,14.545,15.77,14.36,15.32,57481743,0
2006-08-04,15.5675,15.605,15.14,15.305,15963117,0
2006-08-07,15.25,15.605,15.23,15.4,13244112,0
2006-08-08,15.545,15.56,15.115,15.17,8844532,0
2006-08-09,15.295,15.34,14.685,14.775,16028000,0
2006-08-10,14.75,15.035,14.685,14.98,13465880,0
2006-08-11,14.925,14.975,14.785,14.95,8098848,0
2006-08-14,15.09,15.165,14.935,14.98,7351364,0
2006-08-15,15.145,15.195,14.945,15.095,5928738,0
2006-08-16,15.185,15.345,14.985,15.32,6607646,0
2006-08-17,15.265,15.67,15.145,15.645,9117640,0
2006-08-18,15.7,15.725,15.435,15.56,7540735,0
2006-08-21,15.39,15.47,15.25,15.34,4581744,0
2006-08-22,15.28,15.4,14.975,15.085,6675572,0
2006-08-23,15.015,15.105,14.795,14.845,8467440,0
2006-08-24,14.9175,14.955,14.745,14.815,6671008,0
2006-08-25,14.765,15.065,14.755,14.975,6867562,0
2006-08-28,14.945,15.24,14.88,15.235,5817411,0
2006-08-29,15.255,15.305,14.935,15.18,6809865,0
2006-08-30,15.195,15.43,15.095,15.37,5896909,0
2006-08-31,15.455,15.57,15.16,15.505,10873157,0
2006-09-01,15.805,16.075,15.685,15.88,10285850,0
2006-09-05,15.93,16.0,15.715,15.995,6546214,0
2006-09-06,15.9425,16.095,15.74,15.75,8447671,0
2006-09-07,15.735,15.785,15.53,15.56,6828383,0
2006-09-08,15.625,15.7,15.455,15.595,6346480,0
2006-09-11,15.545,15.81,15.265,15.755,8343623,0
2006-09-12,15.755,16.25,15.65,16.22,7160477,0
2006-09-13,16.3,16.7,16.285,16.52,9516052,0
2006-09-14,16.62,16.64,16.25,16.515,6962296,0
2006-09-15,16.275,17.07,16.275,16.925,16704935,0
2006-09-18,16.93,16.99,16.75,16.82,6395700,0
2006-09-19,16.975,17.06,16.64,16.84,7496062,0
2006-09-20,17.11,17.475,17.07,17.34,8775667,0
2006-09-21,17.485,17.495,16.96,17.005,8947039,0
2006-09-22,17.1125,17.3,16.795,17.005,7823892,0
2006-09-25,17.055,17.28,16.695,17.225,6294647,0
2006-09-26,17.25,17.325,16.995,17.135,6430663,0
2006-09-27,17.2,17.52,17.065,17.235,9106917,0
2006-09-28,17.3,17.345,17.015,17.11,6264742,0
2006-09-29,17.165,17.175,17.005,17.025,4832529,0
2006-10-02,17.075,17.175,16.805,16.81,7756484,0
2006-10-03,16.865,17.145,16.865,17.005,6727352,0
2006-10-04,16.99,18.045,16.95,17.98,17078159,0
2006-10-05,19.0,19.495,18.65,19.345,30300797,0
2006-10-06,19.35,19.75,19.12,19.205,18949099,0
2006-10-09,19.125,19.405,19.015,19.2,6908635,0
2006-10-10,19.015,19.195,18.9,19.02,8058944,0
2006-10-11,18.9275,18.965,18.57,18.71,8246680,0
2006-10-12,18.975,19.0,18.77,18.98,6929367,0
2006-10-13,18.995,19.0,18.795,18.965,5922256,0
2006-10-16,19.03,19.275,18.92,19.2,5445380,0
2006-10-17,19.13,19.2,18.875,18.93,5890317,0
2006-10-18,19.1,19.25,18.75,18.895,4391976,0
2006-10-19,18.7,18.96,18.625,18.89,4801813,0
2006-10-20,18.885,18.915,18.36,18.72,8425462,0
2006-10-23,18.695,19.25,18.515,19.15,8624921,0
2006-10-24,19.1,19.29,18.89,19.105,5656108,0
2006-10-25,19.005,19.275,19.0,19.23,4970488,0
2006-10-26,19.27,19.5,19.155,19.435,6059667,0
2006-10-27,19.41,19.435,18.945,19.01,4662494,0
2006-10-30,19.005,19.15,18.81,19.07,3761368,0
2006-10-31,19.12,19.175,18.715,18.875,5277660,0
2006-11-01,18.995,19.13,18.665,18.8,6876664,0
2006-11-02,18.725,18.82,18.425,18.66,5663683,0
2006-11-03,18.64,18.7,18.11,18.235,9079652,0
2006-11-06,18.2775,18.965,18.25,18.74,8340770,0
2006-11-07,18.775,18.775,18.475,18.535,7267884,0
2006-11-08,18.43,18.79,18.26,18.665,6398360,0
2006-11-09,18.785,18.785,18.35,18.46,4805649,0
2006-11-10,18.52,18.94,18.49,18.895,5108112,0
2006-11-13,18.9475,19.375,18.895,19.22,6684539,0
2006-11-14,19.26,19.375,19.0,19.24,6889601,0
2006-11-15,19.33,19.695,19.26,19.485,7072359,0
2006-11-16,19.615,20.005,19.595,19.715,13595699,0
2006-11-17,18.51,18.77,18.36,18.71,20874691,0
2006-11-20,18.5025,18.7,18.36,18.375,10011946,0
2006-11-21,18.295,18.425,18.25,18.285,6910904,0
2006-11-22,18.28,18.375,17.855,18.19,8748573,0
2006-11-24,18.035,18.375,18.035,18.155,2781040,0
2006-11-27,18.105,18.155,17.83,17.905,6466805,0
2006-11-28,17.79,17.918,17.62,17.66,7434478,0
2006-11-29,17.81,17.9,17.62,17.85,6744605,0
2006-11-30,17.8,17.95,17.58,17.6475,7240887,0
2006-12-01,17.625,17.775,17.44995,17.6,5926547,0
2006-12-04,17.675,17.995,17.625,17.875,6645229,0
2006-12-05,18.33,18.57,18.255,18.42,10749826,0
2006-12-06,18.475,18.485,18.24,18.43,5033937,0
2006-12-07,18.4,18.51,18.2,18.24,5486140,0
2006-12-08,18.23,18.425,18.05,18.21,5521888,0
2006-12-11,18.44,18.495,18.075,18.315,4120668,0
2006-12-12,18.265,18.345,18.01,18.145,5068641,0
2006-12-13,18.235,18.275,17.935,18.04,5277524,0
2006-12-14,18.135,18.425,18.05,18.3,5367814,0
2006-12-15,18.33,18.495,18.13,18.21,8054729,0
2006-12-18,18.24,18.34,18.02,18.135,4337114,0
2006-12-19,18.0,18.28,17.94,18.265,5314119,0
2006-12-20,18.245,18.37,18.2,18.21,4851529,0
2006-12-21,18.165,18.4,18.125,18.205,4119949,0
2006-12-22,18.18,18.24,17.91,17.915,3993966,0
2006-12-26,17.915,17.96,17.75,17.845,3815680,0
2006-12-27,17.825,18.105,17.825,17.895,3430297,0
2006-12-28,17.945,17.98,17.76,17.86,4139724,0
2006-12-29,17.845,17.975,17.65,17.71,4146701,0
2007-01-03,17.8,18.1,17.32,17.625,9051354,0
2007-01-04,17.685,17.75,17.395,17.645,7345150,0
2007-01-05,17.56,17.645,17.48495,17.57,6868575,0
2007-01-08,17.455,17.63005,17.45,17.505,5807784,0
2007-01-09,17.5,17.695,17.35,17.43,7152651,0
2007-01-10,17.35,17.39,17.085,17.375,9329890,0
2007-01-11,17.25,18.02,17.25,17.905,8899276,0
2007-01-12,17.92,18.17,17.875,17.95,6309108,0
2007-01-16,18.0,18.185,17.855,18.11,4706906,0
2007-01-17,18.13,18.26,18.095,18.145,6356408,0
2007-01-18,18.265,18.305,17.78,17.885,6054022,0
2007-01-19,17.765,17.97,17.7,17.77,6562955,0
2007-01-22,17.75,17.8,17.5,17.645,5567222,0
2007-01-23,17.65,17.835,17.41,17.475,6287924,0
2007-01-24,17.6,17.64,17.39,17.395,8173128,0
2007-01-25,17.345,17.37,16.94,16.985,10469931,0
2007-01-26,17.0825,17.195,16.745,16.94,10959564,0
2007-01-29,17.035,17.395,16.83,17.28,11130628,0
2007-01-30,17.595,17.68,17.26,17.28,14193665,0
2007-01-31,17.315,17.58,17.1828,17.47,10976582,0
2007-02-01,17.5656,17.71,17.19,17.205,13921437,0
2007-02-02,17.29,17.29,17.01,17.135,7701363,0
2007-02-05,17.105,17.145,16.94,17.01,7779812,0
2007-02-06,17.025,17.045,16.635,16.835,11807026,0
2007-02-07,16.84,16.995,16.64,16.835,8255075,0
2007-02-08,16.8325,16.885,16.575,16.71,12110231,0
2007-02-09,16.745,16.805,16.45,16.48,7873459,0
2007-02-12,16.4475,16.48,16.19,16.335,8158812,0
2007-02-13,16.39,16.49,16.235,16.33,8720934,0
2007-02-14,16.375,16.725,16.36,16.67,9894976,0
2007-02-15,16.67,16.67,16.5,16.61,6864777,0
2007-02-16,16.7,16.7,16.435,16.505,6844566,0
2007-02-20,16.5,16.52,16.23,16.41,10260706,0
2007-02-21,16.315,16.41,16.13505,16.2,10448755,0
2007-02-22,16.205,16.515,16.14,16.505,11959306,0
2007-02-23,16.5,16.57,16.355,16.375,12625801,0
2007-02-26,16.3,16.3,15.905,16.00505,10342221,0
2007-02-27,15.825,15.905,15.25,15.375,19031768,0
2007-02-28,15.375,15.69,15.12,15.45,10405253,0
2007-03-01,15.1,15.4,15.005,15.195,12226115,0
2007-03-02,15.0,15.145,14.9,14.94,14226216,0
2007-03-05,14.8,14.905,14.655,14.705,11646265,0
2007-03-06,14.94,15.11,14.885,15.0,10678778,0
2007-03-07,15.0,15.37,14.975,15.235,14099415,0
2007-03-08,15.445,15.725,15.315,15.35,15042712,0
2007-03-09,15.46,15.495,15.035,15.155,10112414,0
2007-03-12,15.2,15.24,14.955,15.035,10685420,0
2007-03-13,14.98,15.045,14.635,14.68,11026124,0
2007-03-14,14.67,14.715,14.43,14.66,13782630,0
2007-03-15,14.72,14.89495,14.705,14.795,8983429,0
2007-03-16,15.155,15.575,15.025,15.29,25529337,0
2007-03-19,15.4675,15.705,15.42,15.52,12290022,0
2007-03-20,15.59,15.8,15.51,15.69,13688122,0
2007-03-21,15.845,16.135,15.73,16.135,15832868,0
2007-03-22,16.195,16.225,15.76,15.82,14168522,0
2007-03-23,15.875,15.875,15.6,15.71,9455143,0
2007-03-26,16.075,16.075,15.685,15.975,12319347,0
2007-03-27,15.975,16.0,15.8,15.86,10468135,0
2007-03-28,15.8,15.845,15.605,15.64,15541642,0
2007-03-29,15.79,15.845,15.48,15.665,9873701,0
2007-03-30,15.63,15.76,15.5,15.68,7256058,0
2007-04-02,15.77,15.785,15.525,15.625,6700736,0
2007-04-03,15.715,15.99,15.655,15.745,8118755,0
2007-04-04,15.895,15.895,15.64,15.67,7133258,0
2007-04-05,15.675,15.785,15.62,15.7,6654727,0
2007-04-09,15.76,15.76,15.525,15.57,6490715,0
2007-04-10,15.575,15.64,15.44,15.58,8221626,0
2007-04-11,15.585,15.6,15.25,15.365,14676036,0
2007-04-12,15.365,15.425,15.15,15.335,10641629,0
2007-04-13,15.395,15.425,15.245,15.38,10428198,0
2007-04-16,15.385,15.625,15.38,15.525,6400224,0
2007-04-17,15.51,15.615,15.42,15.52,5769453,0
2007-04-18,15.52,15.585,15.425,15.49,6295653,0
2007-04-19,15.405,15.405,15.235,15.39,6440141,0
2007-04-20,15.615,15.97,15.49,15.83,20538984,0
2007-04-23,15.83,15.99,15.7,15.785,8588276,0
2007-04-24,15.775,15.8,15.515,15.67,9152494,0
2007-04-25,15.665,15.95,15.6,15.92,9633678,0
2007-04-26,15.92,16.15,15.82,15.91,7284614,0
2007-04-27,15.905,15.945,15.7,15.75,9441059,0
2007-04-30,15.725,15.805,15.5,15.51,8061135,0
2007-05-01,15.58,15.585,15.315,15.505,7606870,0
2007-05-02,15.54,15.79,15.5,15.625,9482483,0
2007-05-03,15.775,15.89,15.59875,15.81,23042914,0
2007-05-04,15.935,15.95,15.28,15.35,19817084,0
2007-05-07,15.415,15.445,15.15,15.175,12926233,0
2007-05-08,15.16,15.185,15.005,15.09,10061906,0
2007-05-09,15.105,15.15,14.905,15.02,12562117,0
2007-05-10,14.955,15.04,14.75,14.77,12626354,0
2007-05-11,14.82,14.92,14.75,14.805,9797295,0
2007-05-14,14.85,14.875,14.355,14.45,18834372,0
2007-05-15,14.455,14.5,14.185,14.195,20371110,0
2007-05-16,14.21,14.37,14.015,14.1,26904852,0
2007-05-17,14.19,14.29,14.035,14.235,33581788,0
2007-05-18,14.315,14.645,14.28,14.475,20386089,0
2007-05-21,14.555,14.795,14.505,14.64,15013973,0
2007-05-22,14.66,14.765,14.465,14.505,10626773,0
2007-05-23,14.585,14.63,14.435,14.445,9543979,0
2007-05-24,14.45,14.575,14.04,14.155,17945347,0
2007-05-25,14.265,14.35,14.1,14.305,9677210,0
2007-05-29,14.35,14.37,14.2,14.285,8046442,0
2007-05-30,14.225,14.355,14.16,14.35,9234366,0
2007-05-31,14.435,14.45,14.28,14.405,8122468,0
2007-06-01,14.4,14.575,14.365,14.565,10994066,0
2007-06-04,14.425,14.505,14.31,14.415,9438450,0
2007-06-05,14.345,14.365,14.145,14.295,10633432,0
2007-06-06,14.195,14.2,14.06,14.075,9810691,0
2007-06-07,14.01,14.075,13.625,13.72,19294059,0
2007-06-08,13.665,13.875,13.595,13.835,13769265,0
2007-06-11,13.855,13.9,13.755,13.77,7318125,0
2007-06-12,13.525,14.03,13.45,13.87,19075482,0
2007-06-13,13.935,13.955,13.715,13.885,17053922,0
2007-06-14,13.855,13.99,13.71,13.805,11752392,0
2007-06-15,13.97,14.0,13.85,13.885,13909246,0
2007-06-18,13.985,14.0,13.785,13.83,7993211,0
2007-06-19,13.81,13.815,13.66,13.795,10019515,0
2007-06-20,13.765,13.855,13.63,13.66,10937676,0
2007-06-21,13.695,13.725,13.05,13.13,39276605,0
2007-06-22,13.02,13.02015,12.75,12.77,35135399,0
2007-06-25,12.835,12.88,12.61,12.83,18026273,0
2007-06-26,12.925,13.025,12.85,12.885,17427172,0
2007-06-27,12.825,13.08,12.80995,13.065,13514841,0
2007-06-28,13.25,13.41,13.135,13.225,25537928,0
2007-06-29,13.29,13.33,13.015,13.12,28713559,0
2007-07-02,13.2,13.22,13.0,13.025,10317024,0
2007-07-03,13.06,13.2,13.03,13.18,7978667,0
2007-07-05,13.24,13.355,13.115,13.17,12881047,0
2007-07-06,13.195,13.305,13.095,13.275,8117961,0
2007-07-09,13.26,13.315,13.125,13.17,9087194,0
2007-07-10,13.11,13.15,13.025,13.055,12565811,0
2007-07-11,13.04,13.09,12.975,12.995,11565248,0
2007-07-12,13.085,13.095,12.815,12.98,17383452,0
2007-07-13,12.995,13.085,12.865,13.035,11815691,0
2007-07-16,13.01,13.175,12.95,13.04,7372605,0
2007-07-17,13.035,13.125,12.9,12.9332,10351843,0
2007-07-18,12.91,13.27,12.885,13.25,22572799,0
2007-07-19,13.37,14.085,13.34,13.855,38480342,0
2007-07-20,13.995,14.065,13.695,13.85,19011897,0
2007-07-23,13.98,14.2,13.9,14.085,19700091,0
2007-07-24,14.16,14.25,13.975,14.1432,20039313,0
2007-07-25,14.17,14.185,13.84,13.98,12609329,0
2007-07-26,13.865,13.895,13.33,13.715,24658451,0
2007-07-27,13.615,13.75,13.36,13.4632,20289827,0
2007-07-30,13.42,13.555,13.235,13.49,17975713,0
2007-07-31,13.61,13.66,13.34,13.34,16646904,0
2007-08-01,13.255,13.645,13.25,13.6,21605351,0
2007-08-02,13.85,14.0,13.42,13.46,19374673,0
2007-08-03,13.46,13.475,13.15,13.155,16808937,0
2007-08-06,13.215,13.52,13.155,13.445,12260618,0
2007-08-07,13.395,13.655,13.26,13.55995,11473286,0
2007-08-08,13.55,14.02,13.55,13.86,13996993,0
2007-08-09,13.75,14.265,13.675,14.025,20220994,0
2007-08-10,13.885,14.3,13.885,14.02,13218406,0
2007-08-13,14.02,14.18,13.75,13.905,11903858,0
2007-08-14,13.9,13.9,13.505,13.575,11365778,0
2007-08-15,13.505,13.665,13.25,13.285,14940591,0
2007-08-16,13.1,13.435,13.015,13.305,13959388,0
2007-08-17,13.485,13.485,13.06,13.35,16008277,0
2007-08-20,13.35,13.575,13.25,13.455,8548307,0
2007-08-21,13.4,13.715,13.38,13.675,11591356,0
2007-08-22,13.715,13.94,13.68,13.77,9080366,0
2007-08-23,13.805,13.86,13.565,13.76,8603857,0
2007-08-24,13.72,13.805,13.65,13.795,7341215,0
2007-08-27,13.755,13.805,13.665,13.685,4233080,0
2007-08-28,13.705,13.705,13.43,13.44,8938100,0
2007-08-29,13.465,13.765,13.445,13.74,7428468,0
2007-08-30,13.5975,13.77,13.565,13.675,5899413,0
2007-08-31,13.8,13.89,13.745,13.775,8033901,0
2007-09-04,13.835,13.945,13.755,13.86,7199416,0
2007-09-05,13.765,13.85,13.66,13.72,7038926,0
2007-09-06,13.725,13.86,13.725,13.79,4993562,0
2007-09-07,13.67,13.735,13.505,13.58,7586346,0
2007-09-10,13.56,13.67,13.4,13.52,6664633,0
2007-09-11,13.575,13.735,13.53,13.665,5621212,0
2007-09-12,13.61,13.7,13.54,13.665,5330419,0
2007-09-13,13.65,13.85,13.615,13.74,8234632,0
2007-09-14,13.645,13.875,13.625,13.82,5901811,0
2007-09-17,13.755,13.755,13.51,13.65,7578600,0
2007-09-18,13.68,13.99,13.59,13.915,9062755,0
2007-09-19,13.9,14.095,13.805,13.89,10496116,0
2007-09-20,13.81,13.975,13.67,13.745,9693204,0
2007-09-21,13.745,13.95,13.735,13.735,12554889,0
2007-09-24,13.715,13.78,13.475,13.575,11689310,0
2007-09-25,13.48,13.6,13.415,13.545,6844301,0
2007-09-26,13.58,13.91,13.43,13.845,12072873,0
2007-09-27,13.495,13.575,13.265,13.485,28205467,0
2007-09-28,13.435,13.45,12.975,13.1,23273794,0
2007-10-01,13.135,13.275,13.08,13.16005,10728484,0
2007-10-02,13.135,13.35,13.135,13.3,9292639,0
2007-10-03,13.185,13.35,13.185,13.27,6401808,0
2007-10-04,13.245,13.345,13.18,13.26,6238357,0
2007-10-05,13.355,13.46,13.225,13.42,8028378,0
2007-10-08,13.34,13.375,13.19,13.33,6728923,0
2007-10-09,13.27,13.43,13.19,13.3865,6970221,0
2007-10-10,13.255,13.355,13.22,13.275,7793727,0
2007-10-11,13.29,13.315,13.09,13.16,10565617,0
2007-10-12,13.13,13.175,13.04,13.17,7674100,0
2007-10-15,13.14,13.16,13.0,13.055,7843085,0
2007-10-16,13.04,13.12,12.865,13.035,8946743,0
2007-10-17,13.05,13.315,13.03,13.2,15753753,0
2007-10-18,13.175,13.41,13.07,13.33,9400236,0
2007-10-19,13.33,13.355,13.04,13.05,12620455,0
2007-10-22,12.97,13.195,12.94,13.095,6060267,0
2007-10-23,13.035,13.07,12.925,13.07,7868121,0
2007-10-24,12.95,13.07,12.815,13.035,13270400,0
2007-10-25,13.1,13.24,12.9,13.085,12384461,0
2007-10-26,13.185,13.215,12.97,13.085,5386547,0
2007-10-29,13.09,13.155,12.99,13.115,6334908,0
2007-10-30,13.015,13.15,12.99,13.075,5713996,0
2007-10-31,13.07,13.375,13.05,13.34,11271613,0
2007-11-01,13.2,13.34,12.9,12.915,14168550,0
2007-11-02,13.0,13.05,12.655,12.765,14312423,0
2007-11-05,12.64,12.665,12.41,12.48,13774958,0
2007-11-06,12.5,12.575,12.295,12.475,8035190,0
2007-11-07,12.325,12.415,12.05,12.055,18387176,0
2007-11-08,11.945,12.045,11.475,11.7,26390914,0
2007-11-09,11.525,11.65,11.285,11.285,18580023,0
2007-11-12,11.31,11.77,11.31,11.57,21974946,0
2007-11-13,11.785,11.995,11.57,11.995,15797582,0
2007-11-14,12.025,12.125,11.96,12.125,16624989,0
2007-11-15,11.915,12.2,11.83,12.05,20208406,0
2007-11-16,10.92,11.75,10.885,11.585,65716380,0
2007-11-19,11.4,11.505,11.20505,11.435,32940671,0
2007-11-20,11.395,11.56,11.225,11.55,30516612,0
2007-11-21,11.315,11.56,11.285,11.405,16380048,0
2007-11-23,11.4,11.545,11.305,11.535,5186574,0
2007-11-26,11.465,11.49,11.075,11.09,18634684,0
2007-11-27,11.12,11.32,11.12,11.305,11442484,0
2007-11-28,11.24,11.555,11.23,11.48,19221295,0
2007-11-29,11.355,11.54,11.265,11.52,9557493,0
2007-11-30,11.58,11.935,11.5,11.695,13608904,0
2007-12-03,11.615,11.715,11.395,11.405,10491248,0
2007-12-04,11.275,11.335,11.17,11.17,14120734,0
2007-12-05,11.3,11.35,11.23,11.325,8351616,0
2007-12-06,11.3,11.425,11.225,11.425,9911651,0
2007-12-07,11.36,11.49,11.27,11.31,9175896,0
2007-12-10,11.31,11.43,11.295,11.365,9017570,0
2007-12-11,11.055,11.26,10.935,10.9476,19753200,0
2007-12-12,11.09,11.15,10.825,10.94,12400644,0
2007-12-13,10.93,11.055,10.73,10.75,11261396,0
2007-12-14,10.615,10.725,10.525,10.625,10477301,0
2007-12-17,10.495,10.5,10.07,10.075,16711347,0
2007-12-18,10.075,10.36,10.075,10.3,13347860,0
2007-12-19,10.16,10.28,9.945,10.015,14160929,0
2007-12-20,10.075,10.28,10.025,10.265,11498185,0
2007-12-21,10.305,10.59,10.25,10.53,20053282,0
2007-12-24,10.56,10.65,10.505,10.61,4829595,0
2007-12-26,10.5,10.505,10.33,10.41,5491806,0
2007-12-27,10.28,10.345,10.145,10.23,8188676,0
2007-12-28,10.175,10.23,10.065,10.065,9738142,0
2007-12-31,9.995,10.28,9.985,10.235,12730331,0
2008-01-02,10.07,10.08,9.64,9.655,22724295,0
2008-01-03,9.655,9.7,9.24,9.35,23971541,0
2008-01-04,9.235,9.27,9.0,9.055,20056646,0
2008-01-07,9.15,9.405,9.055,9.19,25240337,0
2008-01-08,10.085,10.505,9.915,9.93,63148747,0
2008-01-09,10.0,10.085,9.51,9.73,24205857,0
2008-01-10,9.72,10.245,9.59,10.155,22742403,0
2008-01-11,9.985,10.035,9.76,9.895,18080313,0
2008-01-14,9.95,9.98,9.715,9.775,11598831,0
2008-01-15,9.63,9.7,9.41,9.42,14506955,0
2008-01-16,9.49,9.885,9.42,9.65,16581122,0
2008-01-17,9.635,9.74,9.505,9.525,11726043,0
2008-01-18,9.375,9.675,9.195,9.33,19785253,0
2008-01-22,8.895,9.43505,8.83,9.335,21870649,0
2008-01-23,9.06,10.095,9.055,10.045,26031485,0
2008-01-24,10.05,10.24,9.96,10.225,20897609,0
2008-01-25,10.315,10.34,9.735,9.83,17745989,0
2008-01-28,9.725,9.9,9.58,9.83,13500945,0
2008-01-29,9.93,10.185,9.83,9.985,10626462,0
2008-01-30,10.0,10.095,9.475,9.61,22677279,0
2008-01-31,9.085,9.59,9.04,9.455,43435045,0
2008-02-01,9.485,9.66,9.32,9.61,15748870,0
2008-02-04,9.665,9.675,9.515,9.595,10492455,0
2008-02-05,9.45,9.56,9.25,9.255,15253607,0
2008-02-06,9.35,9.45,9.01,9.075,14578555,0
2008-02-07,9.005,9.385,9.005,9.265,12456986,0
2008-02-08,9.23,9.385,9.08,9.13,10935035,0
2008-02-11,9.115,9.265,8.975,9.26,10550202,0
2008-02-12,9.295,9.6225,9.26,9.355,13773780,0
2008-02-13,9.445,9.56,9.29,9.425,10784159,0
2008-02-14,9.425,9.445,9.045,9.09,16734829,0
2008-02-15,9.06,9.18,9.0354,9.145,10331672,0
2008-02-19,9.26,9.325,9.02,9.05,9629190,0
2008-02-20,9.035,9.145,9.0,9.13,12012372,0
2008-02-21,9.13,9.215,8.875,8.915,15054668,0
2008-02-22,8.96,9.125,8.89,9.125,11605221,0
2008-02-25,9.125,9.26,9.005,9.25,10834083,0
2008-02-26,9.165,9.6,9.125,9.53,14268101,0
2008-02-27,9.475,9.665,9.37,9.52,12426815,0
2008-02-28,9.45,9.475,9.255,9.285,10471655,0
2008-02-29,9.18,9.25,8.965,8.988999999999999,13642043,0
2008-03-03,9.01,9.085,8.905,8.925,10936158,0
2008-03-04,8.9,9.0,8.8155,8.95,12392553,0
2008-03-05,9.0,9.22,8.995,9.06995,10178470,0
2008-03-06,9.0,9.1,8.755,8.8,15757095,0
2008-03-07,8.75,8.84,8.52,8.55,13902207,0
2008-03-10,8.56,8.64,8.385,8.4,12082280,0
2008-03-11,8.515,8.875,8.48,8.87,13830270,0
2008-03-12,8.87,9.055,8.78,8.805,12913951,0
2008-03-13,8.675,8.93,8.525,8.815,10638609,0
2008-03-14,8.645,8.92,8.5,8.695,16175923,0
2008-03-17,8.485,8.7662,8.475,8.63,22692599,0
2008-03-18,8.71,9.125,8.7,9.12,22964156,0
2008-03-19,9.17,9.25,8.745,8.75,21417294,0
2008-03-20,8.82,8.915,8.71,8.765,23312297,0
2008-03-24,8.775,9.005,8.75,8.945,22348051,0
2008-03-25,8.96,9.03,8.89,8.995,13496889,0
2008-03-26,8.97,8.985,8.775,8.83,9011788,0
2008-03-27,8.88,9.005,8.78,8.81,9613751,0
2008-03-28,8.875,8.9,8.5,8.525,11872037,0
2008-03-31,8.53,8.84,8.5,8.75,11838258,0
2008-04-01,8.915,9.25,8.84,9.25,19159824,0
2008-04-02,9.25,9.445,9.16,9.3,10564579,0
2008-04-03,9.25,9.3,9.035,9.17,7038535,0
2008-04-04,9.21,9.345,9.1055,9.25,9753139,0
2008-04-07,9.315,9.35,9.125,9.155,6343531,0
2008-04-08,9.225,9.245,8.95,8.99,10847321,0
2008-04-09,9.055,9.085,8.675,8.735,18295701,0
2008-04-10,8.75,8.87,8.715,8.775,14219768,0
2008-04-11,8.75,8.75,8.585,8.63,10346412,0
2008-04-14,8.595,8.63,8.44,8.485,12142319,0
2008-04-15,8.505,8.68,8.48,8.66,9243963,0
2008-04-16,8.69,8.85,8.6109,8.84,9463729,0
2008-04-17,8.85,8.87,8.69,8.83,7768062,0
2008-04-18,8.955,9.16,8.895,9.14,12420021,0
2008-04-21,9.11,9.11,8.955,9.025,15304984,0
2008-04-22,8.95,8.98,8.715,8.85,10724070,0
2008-04-23,8.865,8.93,8.805,8.925,16710496,0
2008-04-24,7.95,8.09,7.695,7.995,71734986,0
2008-04-25,8.075,8.085,7.725,7.93,19739230,0
2008-04-28,7.96,7.965,7.795,7.83,12018364,0
2008-04-29,7.83,8.18,7.825,8.1,14294378,0
2008-04-30,8.15,8.3,8.03,8.115,17419753,0
2008-05-01,7.98,8.445,7.915,8.325,21121029,0
2008-05-02,8.5,8.55,8.125,8.23,15777293,0
2008-05-05,8.2,8.29,8.1,8.17,12538249,0
2008-05-06,8.11,8.28,8.055,8.18,13626056,0
2008-05-07,8.2,8.23,7.96,7.975,15205351,0
2008-05-08,8.005,8.05,7.86,7.925,20000915,0
2008-05-09,7.89,7.985,7.84,7.93,13629324,0
2008-05-12,7.95,8.025,7.92,8.02,12297293,0
2008-05-13,8.04,8.04,7.85,7.975,10827822,0
2008-05-14,7.97,8.065,7.935,7.96,10902436,0
2008-05-15,7.915,8.115,7.915,8.035,8592368,0
2008-05-16,8.275,8.53,8.225,8.5238,26314901,0
2008-05-19,8.525,8.72,8.495,8.535,17831186,0
2008-05-20,8.42,8.475,8.265,8.42,20694245,0
2008-05-21,8.465,8.48,8.325,8.34,13374668,0
2008-05-22,8.34,8.645,8.3,8.545,16587712,0
2008-05-23,8.545,8.55,8.35,8.475,12982908,0
2008-05-27,8.5,8.795,8.479,8.755,13943230,0
2008-05-28,8.8,8.94,8.525,8.915,15349265,0
2008-05-29,8.915,9.205,8.915,9.165,12379134,0
2008-05-30,9.19,9.205,9.0,9.095,12006540,0
2008-06-02,9.085,9.085,8.815,8.965,10878183,0
2008-06-03,8.965,9.065,8.7,8.875,13076192,0
2008-06-04,8.86,9.17,8.86,9.06,15915440,0
2008-06-05,9.075,9.26,9.005,9.26,13662472,0
2008-06-06,9.175,9.175,8.82,8.835,12237166,0
2008-06-09,8.855,9.1,8.685,8.76,16789289,0
2008-06-10,8.665,8.965,8.625,8.92,9761232,0
2008-06-11,8.97,8.97,8.775,8.785,11351070,0
2008-06-12,8.88,9.03,8.83,8.91,8571938,0
2008-06-13,8.975,9.1,8.915,9.085,10910413,0
2008-06-16,9.005,9.28,8.945,9.175,8295061,0
2008-06-17,9.185,9.235,9.035,9.06,6369459,0
2008-06-18,9.0,9.045,8.83,8.885,8453304,0
2008-06-19,8.865,9.03,8.69,8.995,9215706,0
2008-06-20,8.885,8.91,8.59,8.615,13066137,0
2008-06-23,8.63,8.745,8.135,8.15,19602604,0
2008-06-24,8.18,8.46,8.125,8.285,12764126,0
2008-06-25,8.31,8.645,8.305,8.555,12170766,0
2008-06-26,8.375,8.415,8.135,8.14,12270622,0
2008-06-27,8.15,8.285,7.97,8.175,16776495,0
2008-06-30,8.095,8.165,7.865,7.87,12973498,0
2008-07-01,7.78,7.86,7.64,7.81,20467613,0
2008-07-02,8.015,8.025,7.765,7.84,23851503,0
2008-07-03,7.79,7.895,7.6,7.78,10558604,0
2008-07-07,7.795,7.805,7.415,7.475,18152219,0
2008-07-08,7.375,7.735,7.325,7.67,20367323,0
2008-07-09,7.655,7.7,7.35755,7.36,12675649,0
2008-07-10,7.375,7.43,7.11,7.185,14262606,0
2008-07-11,7.09,7.185,6.815,7.03,18547681,0
2008-07-14,7.105,7.14,6.885,7.0,13316628,0
2008-07-15,6.88,6.9325,6.665,6.79,25353141,0
2008-07-16,6.765,7.235,6.72,7.17,15567495,0
2008-07-17,6.92,7.245,6.885,7.195,13354467,0
2008-07-18,7.195,7.29,7.075,7.17,9803255,0
2008-07-21,7.18,7.24,7.02,7.045,7248997,0
2008-07-22,7.035,7.6,7.015,7.565,15442835,0
2008-07-23,7.615,8.015,7.5075,7.71,17797817,0
2008-07-24,7.575,7.61,7.265,7.27,13676480,0
2008-07-25,7.365,7.47,7.175,7.21,10624156,0
2008-07-28,7.155,7.285,7.035,7.115,10444151,0
2008-07-29,7.15,7.695,7.095,7.495,16319335,0
2008-07-30,7.5325,7.545,7.20875,7.335,18347556,0
2008-07-31,7.275,7.5725,7.255,7.345,19811269,0
2008-08-01,7.45,7.46,7.115,7.21,12948393,0
2008-08-04,7.215,7.22,7.005,7.03,15356801,0
2008-08-05,7.1464,7.285,7.12,7.26,17500861,0
2008-08-06,7.24,7.48,7.175,7.47,13667380,0
2008-08-07,7.315,7.42,7.245,7.26,9414027,0
2008-08-08,7.31,7.64,7.28,7.56,12344772,0
2008-08-11,7.48,8.2,7.47,8.15,29409689,0
2008-08-12,8.07,8.44495,7.985,8.18,21559099,0
2008-08-13,8.215,8.23,8.03,8.15,13995705,0
2008-08-14,8.055,8.55,8.035,8.46,16661908,0
2008-08-15,8.55,8.59,8.295,8.345,10402200,0
2008-08-18,8.315,8.44,8.19,8.255,10621520,0
2008-08-19,8.2,8.28,7.945,7.975,11620195,0
2008-08-20,8.08,8.08,7.775,7.885,11031889,0
2008-08-21,7.79,7.885,7.725,7.84,7922542,0
2008-08-22,7.88,8.085,7.85,8.02,6637092,0
2008-08-25,7.985,7.995,7.735,7.76,7630292,0
2008-08-26,7.835,7.84,7.65,7.755,6805812,0
2008-08-27,7.725,7.875,7.665,7.795,8421494,0
2008-08-28,7.905,8.0,7.84,7.99,5216057,0
2008-08-29,7.955,8.025,7.7,7.78,9926986,0
2008-09-02,7.98,8.41,7.865,7.87,13699142,0
2008-09-03,7.995,8.12,7.88,7.965,9831171,0
2008-09-04,7.905,7.915,7.54,7.54,12864270,0
2008-09-05,7.45,7.625,7.385,7.59,9622510,0
2008-09-08,7.79,7.805,7.585,7.77,13722675,0
2008-09-09,7.8,7.85,7.515,7.52,11689085,0
2008-09-10,7.565,7.665,7.45,7.53,7921440,0
2008-09-11,7.435,7.83,7.38,7.815,16567165,0
2008-09-12,7.745,7.835,7.605,7.665,10424260,0
2008-09-15,7.425,7.795,7.375,7.54,12776155,0
2008-09-16,7.725,8.08,7.685,8.015,21819256,0
2008-09-17,7.8,8.0,7.74,7.79,15064846,0
2008-09-18,7.92,8.085,7.645,8.015,19420527,0
2008-09-19,8.195,8.265,7.5,8.07,18822950,0
2008-09-22,7.9925,8.01,7.6,7.63,11079923,0
2008-09-23,7.64,7.765,7.5,7.53,9578051,0
2008-09-24,7.56,7.67,7.355,7.445,8335121,0
2008-09-25,7.505,7.53,7.395,7.465,9626962,0
2008-09-26,7.27,7.5,7.25,7.48,9536102,0
2008-09-29,7.43,7.54,7.075,7.085,20721418,0
2008-09-30,7.19,7.465,7.065,7.435,13541102,0
2008-10-01,7.28,7.53,7.26,7.4,10398484,0
2008-10-02,7.445,7.495,7.08,7.085,9668079,0
2008-10-03,7.185,7.315,6.81,6.83,13810983,0
2008-10-06,6.665,6.79,6.245,6.485,21110752,0
2008-10-07,6.57,6.615,6.13,6.14,19419102,0
2008-10-08,5.985,6.36,5.75,5.765,25008978,0
2008-10-09,5.8,5.935,5.49,5.505,17938518,0
2008-10-10,5.155,5.625,5.0,5.54,32782428,0
2008-10-13,5.81,5.95,5.565,5.87,16953306,0
2008-10-14,6.04,6.115,5.585,5.65,17192202,0
2008-10-15,5.5,5.53,5.05,5.06,15280986,0
2008-10-16,5.04,5.32,4.845,5.28,20180257,0
2008-10-17,5.145,5.355,5.035,5.225,14347033,0
2008-10-20,5.28,5.57,5.25,5.565,12694518,0
2008-10-21,5.28,5.525,5.25,5.255,10286940,0
2008-10-22,5.12,5.245,4.88,4.995,14840642,0
2008-10-23,5.015,5.15,4.875,5.13,17700186,0
2008-10-24,4.58,5.035,4.58,4.84,13519019,0
2008-10-27,4.65,5.0,4.65,4.795,10134270,0
2008-10-28,4.9,5.45,4.75,5.43,15730760,0
2008-10-29,5.425,5.905,5.3225,5.665,20073179,0
2008-10-30,5.925,6.35,5.73,6.31,19678186,0
2008-10-31,6.26,6.59,6.145,6.565,18683379,0
2008-11-03,6.335,6.575,6.215,6.265,12713986,0
2008-11-04,6.475,6.485,6.06,6.22,23712409,0
2008-11-05,6.175,6.25,5.815,5.835,10145596,0
2008-11-06,5.745,5.875,5.515,5.545,13244288,0
2008-11-07,5.5,5.62,5.135,5.275,17217745,0
2008-11-10,5.5,5.5,4.955,5.1,17748136,0
2008-11-11,4.75,5.135,4.715,4.995,26338631,0
2008-11-12,4.835,4.955,4.64,4.665,22971030,0
2008-11-13,4.725,4.73,4.04,4.655,34964412,0
2008-11-14,4.595,4.62,4.305,4.305,13399575,0
2008-11-17,4.21,4.545,4.13,4.32,15794853,0
2008-11-18,4.31,4.435,4.07,4.19,15522527,0
2008-11-19,4.14,4.275,3.975,3.985,14496751,0
2008-11-20,3.945,4.015,3.585,3.585,17763424,0
2008-11-21,3.74,3.95,3.53,3.915,21040670,0
2008-11-24,4.025,4.25,3.97,4.225,17025961,0
2008-11-25,4.0,4.3,3.94,4.105,21491541,0
2008-11-26,4.02,4.415,4.015,4.39,10051980,0
2008-11-28,4.325,4.4675,4.325,4.465,3302356,0
2008-12-01,4.315,4.335,3.965,3.975,10844000,0
2008-12-02,4.09,4.27,3.99,4.265,11175061,0
2008-12-03,4.16,4.37,4.08,4.32,11414623,0
2008-12-04,4.205,4.705,4.15,4.305,18621103,0
2008-12-05,4.22,4.575,4.09,4.56,12945342,0
2008-12-08,4.65,4.875,4.635,4.8,12215245,0
2008-12-09,4.685,4.86,4.621,4.635,12187958,0
2008-12-10,4.645,4.83385,4.56,4.765,9857163,0
2008-12-11,4.71,4.77,4.46,4.485,10610939,0
2008-12-12,4.4425,4.72,4.415,4.67,10265586,0
2008-12-15,4.71,4.755,4.445,4.5,14298155,0
2008-12-16,4.605,4.865,4.535,4.86,16276517,0
2008-12-17,4.795,5.015,4.735,4.915,15067015,0
2008-12-18,5.005,5.18395,4.705,4.795,11998245,0
2008-12-19,4.885,4.98125,4.725,4.94,14886522,0
2008-12-22,4.945,4.98,4.59,4.68,8459370,0
2008-12-23,4.69,4.80005,4.545,4.595,9256309,0
2008-12-24,4.625,4.67,4.6,4.67,1761836,0
2008-12-26,4.74,4.75,4.625,4.675,2996778,0
2008-12-29,4.715,4.715,4.46,4.515,5592733,0
2008-12-30,4.545,4.68,4.525,4.68,6553046,0
2008-12-31,4.66,4.7575,4.64,4.73,4928364,0
2009-01-02,4.705,4.93,4.665,4.92,7442783,0
2009-01-05,4.94,5.03,4.8,4.96,8035319,0
2009-01-06,5.025,5.18,4.975,5.11,8804899,0
2009-01-07,5.02,5.045,4.9,4.995,12108268,0
2009-01-08,4.925,5.095,4.835,5.07,10796167,0
2009-01-09,5.06,5.075,4.805,4.885,11192241,0
2009-01-12,4.905,4.975,4.745,4.795,11960554,0
2009-01-13,4.755,4.89,4.62,4.685,10018291,0
2009-01-14,4.615,4.63,4.415,4.52,11060577,0
2009-01-15,4.53,4.7259,4.44,4.64,8874416,0
2009-01-16,4.7425,4.775,4.555,4.73,9014143,0
2009-01-20,4.73,4.76,4.425,4.445,7977314,0
2009-01-21,4.2825,4.525,4.25,4.525,12009326,0
2009-01-22,4.49,4.665,4.39,4.56,10665274,0
2009-01-23,4.44,4.61,4.425,4.54,10505439,0
2009-01-26,4.505,4.64,4.395,4.5,13118195,0
2009-01-27,4.49,4.62,4.44,4.575,12038588,0
2009-01-28,4.685,4.9,4.615,4.825,19169108,0
2009-01-29,4.625,4.95,4.625,4.825,18621831,0
2009-01-30,4.87,4.88,4.705,4.72,16580981,0
2009-02-02,4.63,4.825,4.62,4.72,9953383,0
2009-02-03,4.68,4.945,4.62,4.915,13583042,0
2009-02-04,4.9,5.04,4.86,4.885,14176393,0
2009-02-05,4.815,5.09,4.78,5.065,18076906,0
2009-02-06,5.035,5.315,4.975,5.27,12395543,0
2009-02-09,5.195,5.385,5.105,5.36,10061715,0
2009-02-10,5.245,5.36,4.945,4.95,18193804,0
2009-02-11,5.025,5.05,4.855,4.995,11392909,0
2009-02-12,4.9375,5.09,4.87,5.09,11962862,0
2009-02-13,5.09,5.15,4.975,5.065,8855539,0
2009-02-17,4.8525,4.89,4.67,4.825,16365371,0
2009-02-18,4.815,4.88,4.72,4.825,10152255,0
2009-02-19,4.835,4.975,4.745,4.76,10505644,0
2009-02-20,4.7,4.8575,4.625,4.79,12500237,0
2009-02-23,4.81,4.87,4.555,4.58,13521473,0
2009-02-24,4.56,4.79,4.5475,4.765,15660731,0
2009-02-25,4.745,4.81,4.635,4.71,10321243,0
2009-02-26,4.655,4.775,4.495,4.51,12265766,0
2009-02-27,4.4575,4.62,4.45,4.575,13789910,0
2009-03-02,4.49,4.57,4.38,4.385,9073936,0
2009-03-03,4.505,4.505,4.265,4.29,11104538,0
2009-03-04,4.32,4.476,4.315,4.415,10076205,0
2009-03-05,4.33,4.445,4.27,4.28,11089866,0
2009-03-06,4.33,4.345,4.06,4.18,13512701,0
2009-03-09,4.165,4.31,4.105,4.135,9523469,0
2009-03-10,4.235,4.595,4.165,4.565,15738415,0
2009-03-11,4.6,4.7,4.475,4.61,8197238,0
2009-03-12,4.595,5.05,4.565,5.035,16264843,0
2009-03-13,5.035,5.325,5.01,5.28,15060299,0
2009-03-16,5.315,5.5,5.28,5.39,17622304,0
2009-03-17,5.335,5.575,5.33,5.57,14880183,0
2009-03-18,5.535,5.815,5.48,5.75,12418088,0
2009-03-19,5.815,5.84,5.69,5.795,10918530,0
2009-03-20,5.805,5.94,5.525,5.58,16751595,0
2009-03-23,5.73,6.06,5.6,6.03,12286811,0
2009-03-24,5.965,6.03,5.66,5.66,12187355,0
2009-03-25,5.73,5.805,5.37,5.58,18616986,0
2009-03-26,5.655,6.215,5.6,6.195,20598198,0
2009-03-27,6.005,6.08,5.86,5.885,10356842,0
2009-03-30,5.74,5.8175,5.56,5.63,8896926,0
2009-03-31,5.725,5.725,5.525,5.555,12226269,0
2009-04-01,5.495,5.625,5.405,5.585,9945189,0
2009-04-02,5.725,6.0,5.655,5.91,19706146,0
2009-04-03,5.89,5.965,5.73,5.845,11368083,0
2009-04-06,5.745,5.83,5.62,5.71,8869097,0
2009-04-07,5.575,5.655,5.475,5.595,9904004,0
2009-04-08,5.66,5.805,5.625,5.745,8986355,0
2009-04-09,5.93,6.075,5.83,6.0,11980556,0
2009-04-13,5.93,6.055,5.86,6.005,7923373,0
2009-04-14,5.95,5.98,5.87,5.935,14643588,0
2009-04-15,5.58,5.86,5.565,5.83,18199904,0
2009-04-16,5.715,5.85,5.705,5.805,18334458,0
2009-04-17,5.76,6.11,5.755,6.03,18097407,0
2009-04-20,5.815,5.86,5.625,5.685,12591875,0
2009-04-21,5.605,5.92,5.6,5.905,13792559,0
2009-04-22,5.845,6.35,5.77,6.285,22396268,0
2009-04-23,6.25,6.7,6.235,6.68,24049710,0
2009-04-24,6.615,6.825,6.56,6.755,18052521,0
2009-04-27,6.605,6.815,6.475,6.6,14326653,0
2009-04-28,6.48,6.99,6.48,6.75,16529740,0
2009-04-29,6.835,6.981,6.725,6.845,15067001,0
2009-04-30,6.88,7.72,6.85,7.23,33587580,0
2009-05-01,7.21,7.25,6.86,6.9,19302821,0
2009-05-04,7.0,7.235,6.95,7.12,16279321,0
2009-05-05,7.14,7.21,7.0,7.11,11808004,0
2009-05-06,7.16,7.195,6.875,7.01,13216646,0
2009-05-07,7.06,7.245,6.895,7.005,16103686,0
2009-05-08,7.06,7.12,6.765,6.83,18235423,0
2009-05-11,6.685,6.875,6.51,6.725,11759761,0
2009-05-12,6.695,6.8,6.46,6.59,9964046,0
2009-05-13,6.575,6.58,6.37,6.375,11518724,0
2009-05-14,6.35,6.54,6.325,6.365,9191764,0
2009-05-15,6.395,6.625,6.26,6.47,11453436,0
2009-05-18,6.565,6.71,6.47,6.695,9096071,0
2009-05-19,6.675,6.835,6.61,6.71,6794033,0
2009-05-20,6.76,7.005,6.71,6.775,17025915,0
2009-05-21,6.695,6.79625,6.65,6.715,21563101,0
2009-05-22,6.76,6.7903,6.48,6.5,16848581,0
2009-05-26,6.275,6.805,6.275,6.75,15847744,0
2009-05-27,6.74,6.945,6.65,6.7,10879040,0
2009-05-28,6.7625,6.89,6.615,6.855,13410468,0
2009-05-29,6.895,7.19645,6.86,7.195,17483582,0
2009-06-01,7.285,7.495,7.205,7.46,11623080,0
2009-06-02,7.375,7.54,7.335,7.41,8498476,0
2009-06-03,7.355,7.65,7.34,7.65,13570982,0
2009-06-04,7.64,7.69,7.51,7.585,13720303,0
2009-06-05,7.695,7.7,7.51,7.545,8627353,0
2009-06-08,7.345,7.56,7.325,7.485,11981891,0
2009-06-09,7.48,7.67,7.45,7.6,9469224,0
2009-06-10,7.59,7.7,7.32,7.45,12264477,0
2009-06-11,7.425,7.52,7.11,7.13,14525579,0
2009-06-12,7.085,7.28,7.01,7.275,10849644,0
2009-06-15,7.18,7.22,6.96,7.06,8859085,0
2009-06-16,7.07,7.13,6.94,7.0,9079710,0
2009-06-17,6.97,7.305,6.94,7.15,15168832,0
2009-06-18,7.12,7.265,7.05,7.055,8661219,0
2009-06-19,7.05,7.28,7.035,7.12,12846510,0
2009-06-22,7.0,7.05,6.77,6.855,10290813,0
2009-06-23,6.945,7.19,6.895,7.08,15469169,0
2009-06-24,7.14,7.28,7.04,7.105,9975353,0
2009-06-25,7.075,7.4375,7.05,7.42,12042869,0
2009-06-26,7.37,7.48,7.25205,7.265,14921084,0
2009-06-29,7.37,7.4338,7.2075,7.32,6652838,0
2009-06-30,7.205,7.285,6.895,6.945,21566522,0
2009-07-01,6.99,7.1475,6.975,7.0,14710148,0
2009-07-02,6.935,6.99,6.68,6.695,13383680,0
2009-07-06,6.63,6.8,6.58,6.7,9209039,0
2009-07-07,6.725,6.75,6.475,6.485,9431148,0
2009-07-08,6.52,6.58995,6.38,6.52,13017652,0
2009-07-09,6.53,6.9,6.49,6.82,19771016,0
2009-07-10,6.765,6.955,6.665,6.725,10428300,0
2009-07-13,6.725,7.0375,6.65,7.025,14897959,0
2009-07-14,6.95,7.095,6.84,7.055,12585397,0
2009-07-15,7.09,7.215,7.03,7.21,11760803,0
2009-07-16,7.17,7.285,7.115,7.205,7819115,0
2009-07-17,7.265,7.28,7.13,7.22,8677098,0
2009-07-20,7.225,7.475,7.22,7.46,10519390,0
2009-07-21,7.515,7.525,7.205,7.345,16794116,0
2009-07-22,8.0,8.795,7.975,8.695,76003826,0
2009-07-23,8.6,8.66,8.43,8.63,23898949,0
2009-07-24,8.615,8.73,8.45,8.61,10507058,0
2009-07-27,8.675,8.75,8.475,8.65,12886363,0
2009-07-28,8.56,8.745,8.54,8.68,8616416,0
2009-07-29,8.63,8.72,8.505,8.58,8460554,0
2009-07-30,8.72,8.92,8.63,8.815,13892891,0
2009-07-31,8.745,8.95,8.725,8.85,9436753,0
2009-08-03,8.99,9.166,8.835,9.135,14490495,0
2009-08-04,9.05,9.35,9.04,9.35,14968616,0
2009-08-05,9.375,9.49,9.185,9.25,17782915,0
2009-08-06,9.22,9.315,9.095,9.15,13569893,0
2009-08-07,9.315,9.575,9.215,9.515,14511319,0
2009-08-10,9.405,9.69,9.365,9.6,16351511,0
2009-08-11,9.58,9.58,9.3,9.43,13863553,0
2009-08-12,9.44,9.72,9.395,9.615,12444122,0
2009-08-13,9.65,9.845,9.505,9.82,14953128,0
2009-08-14,9.73,9.775,9.42,9.56,11645609,0
2009-08-17,9.36,9.38365,9.19495,9.31,11296730,0
2009-08-18,9.325,9.525,9.31,9.505,8941099,0
2009-08-19,9.385,9.59,9.37,9.56,8900778,0
2009-08-20,9.525,9.675,9.51,9.61,9076867,0
2009-08-21,9.685,9.895,9.62,9.855,9435377,0
2009-08-24,9.87,9.925,9.555,9.62,10992748,0
2009-08-25,9.62,9.87,9.605,9.75,9932334,0
2009-08-26,9.725,9.84,9.605,9.675,8390897,0
2009-08-27,9.665,9.78,9.455,9.72,8092446,0
2009-08-28,9.805,9.85,9.57875,9.665,6648141,0
2009-08-31,9.615,9.64,9.425,9.495,10591620,0
2009-09-01,9.49,9.675,9.21,9.28,14669245,0
2009-09-02,9.24,9.375,9.19,9.28,8550013,0
2009-09-03,9.3,9.345,9.105,9.345,11313508,0
2009-09-04,9.355,9.575,9.23,9.51,7856560,0
2009-09-08,9.535,9.625,9.475,9.6,7430808,0
2009-09-09,9.6,10.105,9.565,10.045,20608082,0
2009-09-10,10.06,10.12,9.835,9.985,16375231,0
2009-09-11,9.995,10.01,9.83,9.945,9638116,0
2009-09-14,9.835,10.095,9.79,10.04,9215417,0
2009-09-15,10.0,10.08,9.86,9.895,10759954,0
2009-09-16,9.915,9.92525,9.775,9.925,9997072,0
2009-09-17,9.905,10.24,9.87,10.04,9714321,0
2009-09-18,10.23,10.47,10.17,10.38,14498515,0
2009-09-21,10.315,10.44,10.17,10.335,9089955,0
2009-09-22,10.33,10.385,10.19,10.235,7151612,0
2009-09-23,10.2,10.22995,9.83,9.845,11827042,0
2009-09-24,9.9,9.96,9.505,9.585,16467884,0
2009-09-25,9.565,10.055,9.51,9.915,17940080,0
2009-09-28,9.97,10.385,9.94,10.31,12924129,0
2009-09-29,10.34,10.38,10.085,10.19,9307912,0
2009-09-30,10.185,10.365,9.86,10.325,14158485,0
2009-10-01,10.27,10.3,9.9,9.985,11801564,0
2009-10-02,9.865,10.03505,9.795,9.87,8507573,0
2009-10-05,9.905,10.07,9.8,10.03,7283983,0
2009-10-06,10.025,10.365,9.975,10.265,10892305,0
2009-10-07,10.235,10.3,10.09,10.2,6997092,0
2009-10-08,10.23,10.495,10.185,10.235,10437606,0
2009-10-09,10.185,10.31,10.05,10.12,8891637,0
2009-10-12,10.08,10.27,10.04,10.18,10019400,0
2009-10-13,10.215,10.215,10.015,10.095,6760137,0
2009-10-14,10.215,10.36,10.16,10.27,7439051,0
2009-10-15,10.175,10.3625,10.145,10.36,10143248,0
2009-10-16,10.32,10.345,10.16,10.32,10125377,0
2009-10-19,10.34,10.555,10.245,10.47,7698243,0
2009-10-20,10.39,10.475,10.19,10.265,5922406,0
2009-10-21,10.175,10.52,10.15,10.17,10413343,0
2009-10-22,10.175,10.41,10.1,10.33,7857399,0
2009-10-23,10.27,10.275,10.075,10.135,6479730,0
2009-10-26,10.025,10.34,9.995,10.025,10386740,0
2009-10-27,9.99,10.025,9.495,9.545,16997633,0
2009-10-28,9.59,9.745,9.345,9.37,13505616,0
2009-10-29,9.47,9.775,9.43,9.76,11181806,0
2009-10-30,9.77,9.855,9.465,9.49,12435266,0
2009-11-02,9.49,9.73,9.425,9.69,11167018,0
2009-11-03,9.625,9.785,9.48,9.71,9101503,0
2009-11-04,9.8,9.8,9.575,9.605,11721895,0
2009-11-05,9.71,9.945,9.625,9.85,14011022,0
2009-11-06,10.2,10.645,10.13,10.56,28726863,0
2009-11-09,10.58,10.595,10.445,10.55,13680487,0
2009-11-10,10.49,10.725,10.485,10.705,13365781,0
2009-11-11,10.8,10.88,10.72,10.855,12038901,0
2009-11-12,10.8,10.9475,10.77,10.84,9666185,0
2009-11-13,10.835,10.925,10.765,10.89,8542491,0
2009-11-16,10.91,11.03,10.85,11.03,8865392,0
2009-11-17,10.95,11.035,10.875,10.995,7230058,0
2009-11-18,10.875,10.94,10.725,10.86,8037038,0
2009-11-19,10.74,10.805,10.525,10.765,10273936,0
2009-11-20,10.665,10.86,10.6,10.705,6476014,0
2009-11-23,10.905,11.05,10.765,10.805,12693984,0
2009-11-24,10.755,10.805,10.545,10.665,8994082,0
2009-11-25,10.7,10.92,10.66,10.91,7433502,0
2009-11-27,10.525,10.82,10.5,10.715,4439390,0
2009-11-30,10.665,10.97,10.555,10.95,11958418,0
2009-12-01,10.975,11.02,10.86,10.865,9310855,0
2009-12-02,10.905,11.0,10.805,10.84,7438315,0
2009-12-03,10.86,10.955,10.54,10.56,9554999,0
2009-12-04,10.705,10.93,10.64,10.8,12869027,0
2009-12-07,10.765,10.87,10.67,10.7,5465491,0
2009-12-08,10.575,10.73,10.475,10.61,6011431,0
2009-12-09,10.63,10.685,10.5,10.65,6683897,0
2009-12-10,10.715,11.235,10.68,11.155,21144751,0
2009-12-11,11.21,11.245,11.03,11.2,11370617,0
2009-12-14,11.235,11.445,11.17,11.42,9048108,0
2009-12-15,11.335,11.45,11.335,11.365,6976298,0
2009-12-16,11.35,11.465,11.205,11.22,7899342,0
2009-12-17,11.155,11.245,11.05,11.125,6241553,0
2009-12-18,11.215,11.88,11.125,11.84,29972407,0
2009-12-21,11.845,11.865,11.525,11.57,11827003,0
2009-12-22,11.67,11.9,11.585,11.86,8087867,0
2009-12-23,11.84,11.9,11.68,11.87,4258517,0
2009-12-24,11.88,11.88,11.75,11.83,2047914,0
2009-12-28,11.815,11.975,11.775,11.905,5164172,0
2009-12-29,11.92,11.935,11.685,11.755,7401002,0
2009-12-30,11.67,11.795,11.59,11.655,4604863,0
2009-12-31,11.67,11.74,11.53,11.53,3763106,0
2010-01-04,11.64,11.665,11.455,11.525,8184946,0
2010-01-05,11.48,12.0,11.445,11.795,15031296,0
2010-01-06,11.74,11.81,11.63,11.71,7105212,0
2010-01-07,11.64,11.765,11.595,11.68,5128604,0
2010-01-08,11.6,11.8,11.595,11.64,5138451,0
2010-01-11,11.685,11.685,11.435,11.605,5695803,0
2010-01-12,11.45,11.595,11.25,11.41,7714707,0
2010-01-13,11.45,11.75,11.385,11.6875,7549152,0
2010-01-14,11.62,11.8,11.605,11.775,7758631,0
2010-01-15,11.865,11.875,11.455,11.635,10931212,0
2010-01-19,11.7,11.9,11.58,11.79,9458140,0
2010-01-20,11.87,11.9,11.425,11.645,16975128,0
2010-01-21,12.0575,12.225,11.665,11.838,26836081,0
2010-01-22,11.815,11.915,11.425,11.455,12280674,0
2010-01-25,11.5,11.53,11.135,11.2,12337076,0
2010-01-26,11.105,11.37,11.085,11.27,11246291,0
2010-01-27,11.27,11.28495,11.065,11.205,10601163,0
2010-01-28,11.25,11.315,10.93,11.04,14366430,0
2010-01-29,11.06,11.265,10.875,10.895,9370957,0
2010-02-01,10.995,11.135,10.885,11.115,6749308,0
2010-02-02,10.99,11.245,10.955,11.225,7668070,0
2010-02-03,11.195,11.245,11.05,11.215,7469292,0
2010-02-04,11.13,11.195,10.895,10.905,9771273,0
2010-02-05,10.895,11.0175,10.63,10.85,11042062,0
2010-02-08,10.83,11.075,10.705,10.955,7994280,0
2010-02-09,11.075,11.15,10.8275,11.095,10408100,0
2010-02-10,11.02,11.265,11.02,11.185,10016315,0
2010-02-11,11.13,11.34,10.965,11.28,9259054,0
2010-02-12,11.035,11.34,11.03,11.3,7875376,0
2010-02-16,11.345,11.44,11.235,11.44,8411290,0
2010-02-17,11.535,11.6475,11.485,11.575,6477402,0
2010-02-18,11.605,11.66,11.505,11.63,4650874,0
2010-02-19,11.585,11.73,11.585,11.68,4866491,0
2010-02-22,11.665,11.68,11.41,11.45,8491887,0
2010-02-23,11.38,11.455,11.235,11.34,8256751,0
2010-02-24,11.375,11.54,11.355,11.54,6460500,0
2010-02-25,11.325,11.49,11.215,11.45,9311825,0
2010-02-26,11.46,11.495,11.34,11.455,6049926,0
2010-03-01,11.465,11.67,11.455,11.645,6351789,0
2010-03-02,11.59,11.7,11.54,11.665,8561034,0
2010-03-03,11.65,11.69,11.47,11.53,5517494,0
2010-03-04,11.525,11.585,11.435,11.46,6446252,0
2010-03-05,11.505,11.695,11.435,11.685,6164326,0
2010-03-08,11.635,11.795,11.625,11.66,4498526,0
2010-03-09,11.75,11.875,11.6,11.81,6678552,0
2010-03-10,11.765,12.135,11.755,12.115,12232834,0
2010-03-11,12.02,12.335,12.02,12.135,8989480,0
2010-03-12,12.135,12.24,12.07,12.14,6416658,0
2010-03-15,12.15,12.25,12.12,12.21,5920812,0
2010-03-16,12.475,12.685,12.43,12.645,16904047,0
2010-03-17,12.6825,12.83,12.565,12.78,10682989,0
2010-03-18,12.725,12.75,12.485,12.51,10708350,0
2010-03-19,12.485,12.575,12.375,12.485,11019274,0
2010-03-22,12.37,12.69,12.175,12.62,8164712,0
2010-03-23,12.715,12.715,12.475,12.705,8827932,0
2010-03-24,12.92,13.0,12.62,12.645,12149001,0
2010-03-25,12.53,12.565,12.075,12.105,18982472,0
2010-03-26,12.195,12.415,12.195,12.295,10231728,0
2010-03-29,12.315,12.385,12.14495,12.305,6859353,0
2010-03-30,12.21,12.315,12.12,12.28,6393096,0
2010-03-31,12.21,12.27,12.1,12.135,7544247,0
2010-04-01,12.27,12.365,11.975,12.12,7775542,0
2010-04-05,12.055,12.39,12.055,12.305,7882859,0
2010-04-06,12.225,12.35,12.175,12.3,5794560,0
2010-04-07,12.4,12.5125,12.345,12.455,8405901,0
2010-04-08,12.375,12.5,12.315,12.415,7167366,0
2010-04-09,12.425,12.475,12.225,12.36,6190910,0
2010-04-12,12.325,12.395,12.16,12.245,6305123,0
2010-04-13,12.205,12.4,12.16,12.365,7352363,0
2010-04-14,12.35,12.425,12.2,12.42,7882871,0
2010-04-15,12.36,12.625,12.31,12.565,9603168,0
2010-04-16,12.55,12.61,12.355,12.48,10907253,0
2010-04-19,12.495,12.6175,12.28,12.45,8491461,0
2010-04-20,12.55,12.645,12.31,12.63,7533888,0
2010-04-21,12.595,12.71,12.5,12.695,13732911,0
2010-04-22,12.9875,13.725,12.835,13.625,31050477,0
2010-04-23,13.505,13.645,13.375,13.63,10449122,0
2010-04-26,13.5325,13.795,13.5,13.695,7938152,0
2010-04-27,13.75,13.75,13.225,13.265,9620463,0
2010-04-28,13.325,13.44,13.06,13.11,10597783,0
2010-04-29,13.145,13.365,13.13,13.3,7596291,0
2010-04-30,13.37,13.37,12.99,12.99,7503807,0
2010-05-03,13.01,13.625,12.99,13.59,9665572,0
2010-05-04,13.325,13.325,12.905,13.015,11235122,0
2010-05-05,12.97,13.285,12.88,13.11,11153473,0
2010-05-06,12.995,13.125,12.195,12.805,17787144,0
2010-05-07,12.64,12.995,12.32505,12.72525,22407411,0
2010-05-10,13.035,13.55,12.94,13.52,14667599,0
2010-05-11,13.35,13.62,13.265,13.35,11996884,0
2010-05-12,13.405,13.965,13.355,13.925,11667573,0
2010-05-13,13.8947,13.895,13.68,13.72,10962881,0
2010-05-14,13.63,13.665,13.09,13.255,11540828,0
2010-05-17,13.22,13.475,13.035,13.455,8825764,0
2010-05-18,13.295,13.56,13.2,13.29,8559949,0
2010-05-19,13.165,13.41,12.905,13.095,10356708,0
2010-05-20,12.765,12.895,12.54,12.55,12600242,0
2010-05-21,12.27,12.755,12.195,12.645,12866590,0
2010-05-24,12.58,12.72,12.455,12.535,8543922,0
2010-05-25,12.22,12.495,12.035,12.46,11876806,0
2010-05-26,12.395,12.675,12.3415,12.355,12102328,0
2010-05-27,12.73,13.02,12.6475,13.01,10051994,0
2010-05-28,12.995,13.165,12.835,12.945,8262199,0
2010-06-01,12.875,13.155,12.76,12.85,9767311,0
2010-06-02,12.865,13.3,12.785,13.29,9966018,0
2010-06-03,13.27,13.46,13.23,13.43,9229067,0
2010-06-04,13.13,13.415,13.0,13.07625,11408805,0
2010-06-07,13.125,13.125,12.755,12.77,9832041,0
2010-06-08,12.79,12.955,12.6,12.925,9935585,0
2010-06-09,13.02,13.36,13.005,13.155,11860577,0
2010-06-10,13.375,13.505,13.2,13.49,9438180,0
2010-06-11,13.385,13.605,13.37,13.575,8637931,0
2010-06-14,13.72,13.93,13.64,13.73,8740285,0
2010-06-15,13.825,13.97,13.707,13.965,8673895,0
2010-06-16,13.915,14.085,13.81,13.995,9484774,0
2010-06-17,14.005,14.055,13.8,13.99,7177894,0
2010-06-18,13.99,14.18,13.87,14.045,9418936,0
2010-06-21,14.12,14.25,13.93,14.01,6619809,0
2010-06-22,14.035,14.24,13.575,13.615,10316687,0
2010-06-23,13.6,13.76,13.48375,13.66,7895995,0
2010-06-24,13.55,13.635,13.3,13.335,6479628,0
2010-06-25,13.415,13.525,13.32,13.405,8934745,0
2010-06-28,13.535,13.54,13.18,13.195,7198140,0
2010-06-29,12.995,13.05,12.44,12.505,18946650,0
2010-06-30,12.54,12.655,12.135,12.15,16965053,0
2010-07-01,12.215,12.375,11.839,12.33,15749661,0
2010-07-02,12.38,12.395,12.055,12.175,8465564,0
2010-07-06,12.29,12.345,11.735,11.80525,14646034,0
2010-07-07,11.83,12.225,11.76,12.2,9085153,0
2010-07-08,12.28,12.465,12.195,12.42,10493163,0
2010-07-09,12.44,12.67,12.42,12.65,7087043,0
2010-07-12,12.635,12.76,12.489,12.635,6453289,0
2010-07-13,12.78,13.035,12.735,12.97,7960525,0
2010-07-14,12.93,13.075,12.875,13.0,5958021,0
2010-07-15,13.04,13.09,12.82,13.065,6290058,0
2010-07-16,13.1,13.22,12.635,12.675,9791808,0
2010-07-19,12.69,12.855,12.54,12.745,7269535,0
2010-07-20,12.5,12.8938,12.425,12.885,7425791,0
2010-07-21,12.9,12.99,12.565,12.585,12065388,0
2010-07-22,12.395,12.63,12.175,12.575,19423291,0
2010-07-23,12.58,12.75,12.47,12.69,8946845,0
2010-07-26,12.635,12.785,12.49,12.695,9751031,0
2010-07-27,12.795,12.795,12.475,12.59,8600047,0
2010-07-28,12.61,12.68,12.405,12.495,7716113,0
2010-07-29,12.535,12.6,12.18,12.41,6706385,0
2010-07-30,12.225,12.475,12.125,12.425,7841202,0
2010-08-02,12.51,12.53,12.31,12.34,8336922,0
2010-08-03,12.34,12.43,12.185,12.36,7188958,0
2010-08-04,12.42,12.62,12.345,12.59,7330241,0
2010-08-05,12.515,12.62,12.38,12.59,7672258,0
2010-08-06,12.395,12.685,12.375,12.665,7490824,0
2010-08-09,12.695,12.86,12.695,12.83,5178773,0
2010-08-10,12.735,12.8,12.555,12.7,6451259,0
2010-08-11,12.455,12.48,12.175,12.33,9225831,0
2010-08-12,12.155,12.305,12.13,12.23,5981919,0
2010-08-13,12.155,12.18625,11.975,11.995,6097183,0
2010-08-16,11.935,12.075,11.834000000000001,11.91,7363202,0
2010-08-17,11.965,12.295,11.92,12.1475,7031672,0
2010-08-18,12.07,12.4,11.905,12.25,6822763,0
2010-08-19,12.165,12.262,11.93,12.02,6811755,0
2010-08-20,12.01,12.055,11.88,12.025,5457792,0
2010-08-23,12.06,12.165,11.84,11.84,6616064,0
2010-08-24,11.65,11.65,11.35,11.41,13907601,0
2010-08-25,11.3,11.74,11.25,11.68,10122094,0
2010-08-26,11.705,11.81,11.59,11.635,7529997,0
2010-08-27,11.69,11.79,11.45675,11.735,6054422,0
2010-08-30,11.725,11.82,11.685,11.715,5962930,0
2010-08-31,11.6,11.74,11.345,11.49,10568845,0
2010-09-01,11.59,11.885,11.515,11.84,7182546,0
2010-09-02,11.83,12.34,11.775,12.33,11966182,0
2010-09-03,12.49,12.595,12.36,12.535,5888585,0
2010-09-07,12.445,12.52,12.335,12.435,6415175,0
2010-09-08,12.445,12.55,12.345,12.39,6102651,0
2010-09-09,12.485,12.485,12.265,12.415,5164572,0
2010-09-10,12.47,12.72,12.425,12.7,6399232,0
2010-09-13,12.775,13.00005,12.775,12.875,8682230,0
2010-09-14,12.85,12.935,12.765,12.89,6135763,0
2010-09-15,12.795,12.89,12.715,12.875,5575524,0
2010-09-16,12.815,12.915,12.725,12.865,4184115,0
2010-09-17,12.925,12.94,12.715,12.765,8347320,0
2010-09-20,12.805,13.17,12.77,13.13995,6612513,0
2010-09-21,13.105,13.17,12.99,13.08,7263946,0
2010-09-22,13.12,13.22625,12.915,12.965,6124162,0
2010-09-23,12.825,13.09,12.685,12.725,7034140,0
2010-09-24,12.925,13.1,12.91,13.065,11601826,0
2010-09-27,13.015,13.19,13.015,13.075,7615958,0
2010-09-28,13.185,13.285,12.86,13.07,7484413,0
2010-09-29,13.09,13.1,12.82,12.9,6532994,0
2010-09-30,12.965,13.05,12.69,12.775,8370840,0
2010-10-01,12.945,13.04,12.7675,12.97,8727619,0
2010-10-04,12.9,12.97,12.685,12.845,5455245,0
2010-10-05,13.035,13.195,12.975,13.125,7143515,0
2010-10-06,13.04,13.11,12.87,13.05,7401477,0
2010-10-07,13.055,13.11,12.91,13.035,5190167,0
2010-10-08,13.045,13.15,12.835,13.035,4611180,0
2010-10-11,12.995,13.2,12.935,12.995,5742170,0
2010-10-12,13.0,13.65,12.95,13.57,14510010,0
2010-10-13,13.615,13.675,13.4425,13.63,7309240,0
2010-10-14,13.57,13.88,13.57,13.7125,7300714,0
2010-10-15,13.8,13.8,13.5825,13.77,5911897,0
2010-10-18,13.72,13.77,13.59,13.675,5482707,0
2010-10-19,13.625,13.74,13.42,13.54,6827442,0
2010-10-20,13.54,13.86,13.515,13.725,6677925,0
2010-10-21,13.74,13.905,13.51,13.645,5326176,0
2010-10-22,13.52,14.305,13.515,14.245,11386432,0
2010-10-25,14.275,14.4,14.17,14.195,5699279,0
2010-10-26,14.115,14.305,14.06,14.265,4756863,0
2010-10-27,14.105,14.16535,14.01,14.13,5567583,0
2010-10-28,14.225,14.25,14.015,14.115,4067294,0
2010-10-29,14.075,14.375,14.05,14.28,6767454,0
2010-11-01,14.34,14.495,14.22,14.405,5547172,0
2010-11-02,14.445,14.57,14.38,14.44,4645522,0
2010-11-03,14.405,14.645,14.31,14.55,6681052,0
2010-11-04,14.84,15.0,14.77,14.875,14752614,0
2010-11-05,15.285,15.65,15.175,15.435,18322576,0
2010-11-08,15.245,15.45,15.09,15.315,7806403,0
2010-11-09,15.42,15.42,14.995,15.085,7534657,0
2010-11-10,15.05,15.375,15.0,15.235,7586125,0
2010-11-11,15.05,15.475,15.005,15.37,5700299,0
2010-11-12,15.355,15.355,14.92,15.095,6461962,0
2010-11-15,15.045,15.5,15.045,15.3925,9487669,0
2010-11-16,15.2,15.405,14.89,14.92,7422858,0
2010-11-17,14.87,15.072000000000001,14.725,14.995,5242960,0
2010-11-18,15.11,15.43,15.035,15.29,6800545,0
2010-11-19,15.23,15.455,15.145,15.38,6760997,0
2010-11-22,15.295,15.545,15.25,15.435,6712624,0
2010-11-23,15.26,15.380999999999998,15.075,15.2,8597956,0
2010-11-24,15.36,15.755,15.34,15.74,10306878,0
2010-11-26,15.595,15.6725,15.535,15.585,2325531,0
2010-11-29,15.325,15.465,15.09995,15.395,6755103,0
2010-11-30,15.155,15.465,15.07,15.3,8593120,0
2010-12-01,15.505,16.015,15.505,15.85,10193075,0
2010-12-02,15.93,16.39875,15.885,16.38,10051528,0
2010-12-03,16.285,16.44005,16.045,16.36,8217841,0
2010-12-06,16.305,16.4,16.225,16.36,5137981,0
2010-12-07,16.495,16.545,16.31,16.39,6767881,0
2010-12-08,16.445,16.445,16.2275,16.29,4297652,0
2010-12-09,16.35,16.4,16.08,16.2,5860805,0
2010-12-10,16.21,16.355,16.06,16.295,4103980,0
2010-12-13,16.365,16.375,15.995,15.995,5455920,0
2010-12-14,15.97,16.15,15.9075,16.05375,5041776,0
2010-12-15,16.055,16.1889,15.83,15.935,6895168,0
2010-12-16,16.25,16.4,16.1,16.295,8036004,0
2010-12-17,16.27,16.475,16.185,16.3925,8959916,0
2010-12-20,16.435,16.535,16.26,16.465,4330033,0
2010-12-21,16.525,16.525,16.25,16.43,3673423,0
2010-12-22,16.5,16.575,16.4,16.465,3392502,0
2010-12-23,16.395,16.495,16.265,16.315,3383567,0
2010-12-27,16.325,16.34,16.08,16.235,2334358,0
2010-12-28,16.255,16.345,16.025,16.195,3116986,0
2010-12-29,16.265,16.37,16.205,16.255,2334285,0
2010-12-30,16.195,16.275,16.1,16.205,2453601,0
2010-12-31,16.205,16.24,15.975,16.065,3173081,0
2011-01-03,16.245,16.71,16.23,16.625,6382808,0
2011-01-04,16.625,16.645,16.22,16.24,6653152,0
2011-01-05,16.13,16.42,16.125,16.175,5750835,0
2011-01-06,16.185,16.25,15.895,15.98,6626854,0
2011-01-07,16.02,16.43,15.93,16.39,9895950,0
2011-01-10,16.24,16.475,16.065,16.385,7770210,0
2011-01-11,16.45,16.45,16.08,16.13,8055049,0
2011-01-12,16.29,16.33,16.03,16.1,8209704,0
2011-01-13,16.055,16.22,16.055,16.205,5617716,0
2011-01-14,16.1,16.365,16.09,16.35,5632867,0
2011-01-18,16.365,16.625,16.345,16.5,7841177,0
2011-01-19,16.24,16.535,16.235,16.505,6491447,0
2011-01-20,16.53,16.695,16.395,16.59,9320615,0
2011-01-21,16.71,16.86,16.53,16.6,11564890,0
2011-01-24,16.58,16.75,16.456,16.745,5987302,0
2011-01-25,16.64,16.89,16.605,16.825,9127257,0
2011-01-26,16.805,16.805,16.37,16.535,18623811,0
2011-01-27,16.16,16.725,16.025,16.515,16468551,0
2011-01-28,16.53,16.56,15.76,15.865,13411769,0
2011-01-31,15.77,15.87,15.375,15.765,12585898,0
2011-02-01,15.88,16.155,15.785,16.125,10525737,0
2011-02-02,16.08,16.125,15.84,16.1,6549894,0
2011-02-03,16.11,16.26,16.025,16.18,6391249,0
2011-02-04,16.16,16.37,16.03,16.2875,7196675,0
2011-02-07,16.25,16.365,16.115,16.175,6160741,0
2011-02-08,16.12,16.595,16.11625,16.56,6782672,0
2011-02-09,16.5,16.57,16.395,16.4925,4332629,0
2011-02-10,16.44,16.63,16.375,16.58,8927733,0
2011-02-11,16.5,16.69,16.38,16.675,6129527,0
2011-02-14,16.705,16.89,16.595,16.79,7980576,0
2011-02-15,16.71,16.78,16.575,16.59,5665992,0
2011-02-16,16.645,16.84,16.565,16.785,5335757,0
2011-02-17,16.73,16.84,16.64,16.75,4897069,0
2011-02-18,16.72,17.015,16.64,17.00125,7941120,0
2011-02-22,16.84,16.965,16.335,16.385,7551370,0
2011-02-23,16.375,16.385,15.695,15.955,8340607,0
2011-02-24,15.9,15.985,15.585,15.955,9432433,0
2011-02-25,16.045,16.34,16.0,16.25,9662738,0
2011-02-28,16.4,16.525,16.295,16.49,9013666,0
2011-03-01,16.615,16.6851,16.12,16.195,10235417,0
2011-03-02,16.145,16.195,15.86,16.11,8126718,0
2011-03-03,16.245,16.63,16.235,16.505,6553713,0
2011-03-04,16.45,16.59,16.31,16.56,8120568,0
2011-03-07,17.0,17.395,16.655,16.8,13234105,0
2011-03-08,16.86,17.155,16.805,17.005,8486717,0
2011-03-09,16.975,17.3,16.86,17.27,8364227,0
2011-03-10,18.54,19.105,18.46875,18.985,36104717,0
2011-03-11,18.65,18.805,18.16,18.28,15243170,0
2011-03-14,18.155,18.26,17.75,17.865,12496148,0
2011-03-15,17.37,17.98,17.335,17.86,8985431,0
2011-03-16,17.445,17.79,17.435,17.5,9717794,0
2011-03-17,17.795,17.825,17.525,17.545,6430902,0
2011-03-18,17.77,17.845,17.405,17.48,11683273,0
2011-03-21,17.725,17.78,17.575,17.655,5085751,0
2011-03-22,17.625,17.625,17.4,17.475,6042587,0
2011-03-23,17.475,18.4,17.375,18.345,11481448,0
2011-03-24,18.415,18.925,18.185,18.79,15856075,0
2011-03-25,18.885,18.9,18.40095,18.45,6741127,0
2011-03-28,18.49,18.55,18.22,18.44,7158622,0
2011-03-29,18.325,18.58,18.205,18.43,6027001,0
2011-03-30,18.585,18.59,18.245,18.36,5967598,0
2011-03-31,18.32,18.51,18.25,18.475,6378919,0
2011-04-01,18.625,18.83,18.525,18.625,5470157,0
2011-04-04,18.685,18.795,18.285,18.365,5443327,0
2011-04-05,18.305,18.345,18.095,18.2,5374890,0
2011-04-06,18.32,18.44,18.025,18.195,4016330,0
2011-04-07,18.085,18.22,17.82,17.95,5974862,0
2011-04-08,18.015,18.175,17.7,17.885,5507340,0
2011-04-11,17.94,18.1,17.605,17.745,4789995,0
2011-04-12,17.615,17.92,17.615,17.885,5205593,0
2011-04-13,17.965,18.085,17.815,17.90375,4564363,0
2011-04-14,17.715,17.9875,17.65,17.985,4898512,0
2011-04-15,17.995,18.2,17.81,18.19,6366985,0
2011-04-18,17.91,17.94,17.5,17.905,5566669,0
2011-04-19,17.91,18.145,17.865,18.08,5288266,0
2011-04-20,18.275,18.5,18.265,18.445,6549360,0
2011-04-21,18.355,18.62,18.335,18.5,6476833,0
2011-04-25,18.51,18.56,18.315,18.435,4077706,0
2011-04-26,18.56,18.635,18.19,18.3,6962617,0
2011-04-27,18.4,18.64,18.36,18.595,9163568,0
2011-04-28,18.25,18.74,18.175,18.44,11365669,0
2011-04-29,18.425,18.475,18.05,18.1,20040245,0
2011-05-02,18.24,18.42,18.135,18.34,7593573,0
2011-05-03,18.25,18.285,17.9,18.15,6078931,0
2011-05-04,18.155,18.325,17.975,18.285,5821168,0
2011-05-05,18.2,18.535,18.16,18.25,4845597,0
2011-05-06,18.485,18.835,18.25,18.265,6530115,0
2011-05-09,18.255,18.32,18.04,18.06,4904549,0
2011-05-10,18.175,18.235,17.975,18.115,6245029,0
2011-05-11,18.08,18.175,17.75,17.895,6549457,0
2011-05-12,17.87,18.25,17.81,18.225,4523706,0
2011-05-13,18.22,18.285,17.96,18.075,5201465,0
2011-05-16,17.99,18.025,17.555,17.58,7061270,0
2011-05-17,17.49,17.66,17.42,17.65,8726984,0
2011-05-18,17.735,18.34,17.6251,18.305,10823226,0
2011-05-19,18.325,18.675,18.325,18.57,7852625,0
2011-05-20,18.495,18.595,18.195,18.305,5268677,0
2011-05-23,18.0,18.375,17.97,18.22,6055433,0
2011-05-24,18.17,18.29,18.04885,18.145,4863235,0
2011-05-25,18.165,18.17495,18.015,18.06,4771750,0
2011-05-26,17.95,18.29,17.93,18.22,4879071,0
2011-05-27,18.185,18.295,18.115,18.23,2989801,0
2011-05-31,18.38,18.455,18.245,18.395,4990800,0
2011-06-01,18.27,18.375,17.95,17.99,8538879,0
2011-06-02,18.01,18.11,17.83,17.96,3997930,0
2011-06-03,17.7,17.745,17.515,17.58,7310318,0
2011-06-06,17.81,18.305,17.745,17.87,9302866,0
2011-06-07,18.0,18.135,17.955,17.965,5127974,0
2011-06-08,17.91,18.07,17.775,17.87,5160915,0
2011-06-09,17.88,17.91075,17.75,17.765,4602518,0
2011-06-10,17.7,17.75,17.5,17.5575,5790240,0
2011-06-13,17.57,17.735,17.305,17.45,6418851,0
2011-06-14,17.565,17.7,17.53,17.635,5050447,0
2011-06-15,17.395,17.655,17.35,17.43,4970693,0
2011-06-16,17.38,17.6725,17.37,17.57,6525219,0
2011-06-17,17.77995,17.905,17.61,17.72,6842074,0
2011-06-20,17.675,18.01,17.575,17.915,5770914,0
2011-06-21,18.005,18.425,17.89,18.365,6716216,0
2011-06-22,18.3,18.76,18.195,18.64,9019363,0
2011-06-23,18.435,18.87,18.405,18.865,9673901,0
2011-06-24,18.835,18.95,18.615,18.675,5085289,0
2011-06-27,18.61,19.01,18.51,18.995,6054533,0
2011-06-28,19.0,19.6325,18.935,19.625,8981482,0
2011-06-29,19.615,19.875,19.56,19.715,7017375,0
2011-06-30,19.845,19.895,19.71,19.745,5500755,0
2011-07-01,19.81,20.13,19.75,20.095,6439168,0
2011-07-05,20.085,20.555,19.885,20.475,7261026,0
2011-07-06,20.415,20.45,20.18,20.21,6206230,0
2011-07-07,19.95,20.25,19.715,20.16,10829601,0
2011-07-08,19.93,20.2,19.9095,20.175,5606036,0
2011-07-11,19.99,20.145,19.725,19.87,5631347,0
2011-07-12,19.895,20.14,19.765,19.785,5873914,0
2011-07-13,19.905,20.125,19.75,19.79,5620214,0
2011-07-14,19.775,19.91,19.45,19.565,6694681,0
2011-07-15,19.575,19.9,19.54,19.9,6654540,0
2011-07-18,19.76,19.9375,19.58135,19.7,4357125,0
2011-07-19,19.905,20.18,19.855,20.16,5751318,0
2011-07-20,20.105,20.1125,19.64,19.915,5578045,0
2011-07-21,20.02,20.3,19.87,20.19,6191222,0
2011-07-22,20.255,20.36,20.125,20.175,3195241,0
2011-07-25,20.06,20.2225,19.9575,20.2,5041907,0
2011-07-26,20.245,20.25,20.0,20.09,5377335,0
2011-07-27,20.3,20.45,19.45,19.485,7452028,0
2011-07-28,19.94,20.325,19.7,19.99,14654850,0
2011-07-29,19.945,20.445,19.62,20.045,15589345,0
2011-08-01,20.22,20.385,19.65,19.9,8130290,0
2011-08-02,19.705,19.83,19.29,19.305,8081668,0
2011-08-03,19.305,19.66,18.985,19.64,7427239,0
2011-08-04,19.375,19.58,18.445,18.45,10174472,0
2011-08-05,18.59,18.815,17.78,18.36,13406281,0
2011-08-08,18.074,18.2605,17.02,17.025,17241864,0
2011-08-09,17.175,18.02,16.86,18.02,16100149,0
2011-08-10,17.66,17.98,17.305,17.38,14127781,0
2011-08-11,17.52,18.7675,17.415,18.555,11582855,0
2011-08-12,18.585,18.785,18.36,18.68,6482594,0
2011-08-15,18.76,19.235,18.76,19.21,7823125,0
2011-08-16,19.05645,19.59,18.88,19.445,11313688,0
2011-08-17,19.5,19.755,19.04,19.35,6360756,0
2011-08-18,18.645,18.655,17.07,17.3755,21489264,0
2011-08-19,17.38,18.075,17.19,17.55,12792963,0
2011-08-22,18.0,18.19,17.373,17.445,8957022,0
2011-08-23,17.59,18.39,17.5,18.365,9308151,0
2011-08-24,18.29,18.73,18.19,18.685,7861138,0
2011-08-25,18.685,18.9,18.125,18.21,6116770,0
2011-08-26,18.16,18.83385,17.86645,18.695,8195104,0
2011-08-29,18.9,19.04,18.785,19.025,4749402,0
2011-08-30,18.975,19.375,18.88,19.25,5167637,0
2011-08-31,19.315,19.64,19.165,19.31,7296700,0
2011-09-01,19.42,19.545,19.025,19.095,5791399,0
2011-09-02,18.84,19.025,18.67,18.745,4881303,0
2011-09-06,18.26,18.92,18.21,18.875,6135698,0
2011-09-07,19.095,19.6825,18.98,19.59,8399539,0
2011-09-08,19.49,19.695,19.345,19.46,7887534,0
2011-09-09,19.31,19.375,18.525,18.655,10515452,0
2011-09-12,18.345,18.94,18.345,18.825,8122494,0
2011-09-13,18.855,19.1575,18.835,19.095,6159570,0
2011-09-14,19.25,19.5,18.915,19.275,9081378,0
2011-09-15,19.5,19.75,19.455,19.535,7576315,0
2011-09-16,19.61,19.695,19.335,19.6,9350684,0
2011-09-19,19.44,20.705,19.405,20.58,10673107,0
2011-09-20,20.55,21.0,20.22,20.54,8998549,0
2011-09-21,20.5,20.75,19.935,19.95,7849074,0
2011-09-22,19.495,19.705,18.875,19.3025,10698645,0
2011-09-23,19.115,19.735,19.0,19.355,8106655,0
2011-09-26,19.445,19.765,19.0,19.745,8284065,0
2011-09-27,20.07,20.42,19.8,19.925,6383279,0
2011-09-28,20.0,20.205,19.66,19.715,6071522,0
2011-09-29,20.105,20.245,18.475,19.085,12526942,0
2011-09-30,18.82,19.165,18.6,18.645,8521571,0
2011-10-03,18.42495,18.53,18.025,18.1,13810963,0
2011-10-04,17.78,18.655,17.56,18.625,12344533,0
2011-10-05,18.72,19.16,18.42,19.025,8808089,0
2011-10-06,19.065,19.365,18.845,19.25,5732114,0
2011-10-07,19.345,19.945,19.28,19.63,8405454,0
2011-10-10,19.91,20.715,19.86,20.46,7011708,0
2011-10-11,20.285,20.82,20.215,20.665,7518449,0
2011-10-12,20.785,20.99,20.565,20.755,6479616,0
2011-10-13,20.6,20.82,20.425,20.545,6375145,0
2011-10-14,20.75505,21.11,20.69,21.11,5624438,0
2011-10-17,20.98,20.98,20.49,20.58,5229816,0
2011-10-18,20.63,21.4675,20.385,21.225,7601322,0
2011-10-19,21.0,21.285,20.36,20.46,6930852,0
2011-10-20,20.455,20.815,20.3225,20.495,4660989,0
2011-10-21,20.78,21.2225,20.605,21.045,6970985,0
2011-10-24,21.105,21.49,21.02,21.27,6105118,0
2011-10-25,21.215,21.245,20.58,20.64,7019175,0
2011-10-26,20.865,21.095,20.36,20.7,6030123,0
2011-10-27,21.235,21.715,21.005,21.535,6067713,0
2011-10-28,21.485,21.61,21.07,21.25,5968878,0
2011-10-31,21.135,21.565,21.075,21.18,5273087,0
2011-11-01,20.665,20.935,20.46,20.615,7719345,0
2011-11-02,20.875,20.96,20.46575,20.59,6742973,0
2011-11-03,20.76,20.91,20.275,20.7,10852720,0
2011-11-04,21.46,22.345,21.335,22.095,17110471,0
2011-11-07,21.975,22.3475,21.875,22.115,10469082,0
2011-11-08,22.19,22.325,21.66,22.18,6039828,0
2011-11-09,21.685,21.945,21.405,21.475,8125915,0
2011-11-10,21.6,21.855,21.33,21.76,7393641,0
2011-11-11,21.945,22.3,21.9,22.17,4725470,0
2011-11-14,22.025,22.225,21.77,21.82,4909785,0
2011-11-15,21.67,22.11,21.635,22.015,4056172,0
2011-11-16,21.74,21.945,21.475,21.51,5901962,0
2011-11-17,21.385,21.51,20.825,21.015,6759494,0
2011-11-18,21.015,21.29,20.96,21.01,5823254,0
2011-11-21,20.605,20.96,20.4425,20.84,6043341,0
2011-11-22,20.77495,21.225,20.7,21.14,5963476,0
2011-11-23,20.98,21.02,20.625,20.625,5340274,0
2011-11-25,20.525,20.71,20.375,20.42,2552361,0
2011-11-28,20.895,21.195,20.675,20.925,5001829,0
2011-11-29,21.01,21.375,20.885,21.105,5635356,0
2011-11-30,21.61,21.875,21.455,21.74,7012678,0
2011-12-01,21.6,21.855,21.6,21.795,4171791,0
2011-12-02,21.975,22.115,21.78,21.955,6105283,0
2011-12-05,22.125,22.17,22.0,22.1,6950879,0
2011-12-06,22.145,22.15,21.685,21.865,4114348,0
2011-12-07,21.77,22.02,21.5,21.94,4104363,0
2011-12-08,21.725,21.995,21.39,21.43,4939353,0
2011-12-09,21.55,22.07,21.47,21.98,5447053,0
2011-12-12,21.745,22.03,21.575,22.0,4623618,0
2011-12-13,22.275,22.5,21.73,21.805,7252593,0
2011-12-14,21.695,21.765,21.335,21.545,6194014,0
2011-12-15,21.68,21.865,21.57505,21.7,5371582,0
2011-12-16,21.855,22.04,21.725,21.74,6640561,0
2011-12-19,21.93,22.0,21.655,21.81,5234775,0
2011-12-20,22.065,22.575,22.05,22.53,6500121,0
2011-12-21,22.505,22.725,22.265,22.62,4621417,0
2011-12-22,22.6,22.63,22.33,22.5,3948928,0
2011-12-23,22.545,22.725,22.455,22.7225,2533863,0
2011-12-27,22.7,23.05,22.675,22.97,2895819,0
2011-12-28,23.16005,23.175,22.705,22.89,3916737,0
2011-12-29,23.04,23.25,22.955,23.225,3832141,0
2011-12-30,23.24,23.245,23.005,23.005,2686491,0
2012-01-03,23.425,23.52,22.64,22.6425,6461777,0
2012-01-04,22.705,23.315,22.64,23.085,6946074,0
2012-01-05,23.095,23.2,22.775,23.18,4866390,0
2012-01-06,23.19,23.455,23.115,23.36,4052743,0
2012-01-09,23.365,23.4,23.135,23.295,3631372,0
2012-01-10,23.52505,23.64,23.195,23.41,3934173,0
2012-01-11,23.32,23.605,23.235,23.56,4100465,0
2012-01-12,23.665,23.815,23.525,23.8,4486745,0
2012-01-13,23.75,23.8,23.47,23.68,4769247,0
2012-01-17,23.97,23.995,23.765,23.855,3768253,0
2012-01-18,23.93,24.075,23.81,24.02,5610580,0
2012-01-19,23.99,24.025,23.85,24.01,5278219,0
2012-01-20,23.97,24.195,23.905,24.075,4791178,0
2012-01-23,24.075,24.1,23.555,23.67,7582421,0
2012-01-24,23.63,23.9,23.52,23.825,5154796,0
2012-01-25,24.045,24.045,23.675,23.885,7143019,0
2012-01-26,24.03,24.245,23.53,24.17,12491004,0
2012-01-27,23.945,23.965,23.455,23.925,13487988,0
2012-01-30,23.685,24.24,23.625,24.24,8229207,0
2012-01-31,24.27,24.31,23.91,23.96,5859221,0
2012-02-01,24.17,24.215,23.77,24.12,8275512,0
2012-02-02,24.115,24.245,23.705,23.83,5989757,0
2012-02-03,23.985,24.2,23.97,24.16,4999084,0
2012-02-06,24.06,24.25,23.995,24.145,3707687,0
2012-02-07,24.125,24.3,24.06,24.205,3175806,0
2012-02-08,24.235,24.405,24.14,24.36,3837014,0
2012-02-09,24.43,24.68,24.3815,24.6,4756716,0
2012-02-10,24.4,24.4525,24.25,24.41,4088345,0
2012-02-13,24.525,24.635,24.365,24.625,3858250,0
2012-02-14,24.485,24.56,24.33,24.56,3311167,0
2012-02-15,24.525,24.6,24.205,24.24,4048058,0
2012-02-16,24.18,24.395,24.165,24.26,4883117,0
2012-02-17,24.335,24.51,24.215,24.225,6352895,0
2012-02-21,24.21,24.435,24.035,24.13,4145765,0
2012-02-22,24.145,24.22,23.935,24.165,4324680,0
2012-02-23,24.17,24.275,24.0,24.23,4126853,0
2012-02-24,24.2,24.35,24.05,24.15,3277218,0
2012-02-27,24.065,24.28,23.89,24.115,3356431,0
2012-02-28,24.115,24.46,24.08,24.455,3826827,0
2012-02-29,24.43,24.44,24.245,24.28,5123397,0
2012-03-01,24.345,24.545,24.235,24.355,4336448,0
2012-03-02,24.38,24.5575,24.26505,24.445,4088675,0
2012-03-05,24.345,24.6975,24.345,24.52,4453236,0
2012-03-06,24.27,24.52,24.05,24.165,4104199,0
2012-03-07,24.215,24.76,24.195,24.745,5710587,0
2012-03-08,24.825,25.375,24.825,25.185,8315703,0
2012-03-09,25.875,26.235,25.535,25.92,14189457,0
2012-03-12,25.98,26.01,25.47,25.555,6812453,0
2012-03-13,25.62,26.175,25.56,26.17,9242214,0
2012-03-14,26.0,26.455,25.96,26.34,7369800,0
2012-03-15,26.425,26.555,26.34,26.535,6319478,0
2012-03-16,26.625,26.685,26.435,26.605,11996752,0
2012-03-19,26.515,26.785,26.33,26.775,5718235,0
2012-03-20,26.76,26.915,26.615,26.865,6308182,0
2012-03-21,26.965,26.98,26.755,26.905,4262151,0
2012-03-22,26.84,27.625,26.825,27.6025,10702508,0
2012-03-23,27.745,27.75,27.25,27.6725,6877890,0
2012-03-26,27.76,27.955,27.590999999999998,27.955,6566598,0
2012-03-27,27.985,28.23,27.83,28.13,6710762,0
2012-03-28,28.11,28.275,27.83,28.015,6050205,0
2012-03-29,27.8,27.935,27.31,27.865,6701161,0
2012-03-30,28.1,28.125,27.87,27.945,4487993,0
2012-04-02,28.015,28.445,27.98,28.335,6091126,0
2012-04-03,28.345,28.585,28.215,28.455,5932757,0
2012-04-04,28.63,28.825,28.33,28.48,7077160,0
2012-04-05,28.56,29.235,28.535,29.09,8180272,0
2012-04-09,28.635,28.9775,28.555,28.71,6305372,0
2012-04-10,28.88,28.96,28.3,28.39,9081121,0
2012-04-11,28.68,29.66,28.595,29.6475,12093329,0
2012-04-12,29.72,30.325,29.51,30.3125,12147034,0
2012-04-13,30.14,30.99,29.875,30.835,15277461,0
2012-04-16,30.965,31.0,29.755,29.825,12685519,0
2012-04-17,29.97,29.975,29.09,29.33,15277252,0
2012-04-18,29.5,30.365,29.46,30.165,9070994,0
2012-04-19,30.2,30.22,29.29,29.405,9288604,0
2012-04-20,29.535,29.935,29.5,29.58,8069821,0
2012-04-23,29.34,29.42,28.875,29.28,7601232,0
2012-04-24,29.485,29.875,28.88,29.025,8997908,0
2012-04-25,29.355,29.855,29.175,29.75,7054224,0
2012-04-26,29.925,30.575,29.7,30.33,14939625,0
2012-04-27,29.135,29.25,28.235,28.715,27366999,0
2012-04-30,28.715,28.875,28.455,28.685,9324002,0
2012-05-01,28.755,29.215,28.61,28.83,6635147,0
2012-05-02,28.765,29.075,28.555,28.96,6960274,0
2012-05-03,28.77,28.83,28.31,28.325,8204556,0
2012-05-04,28.015,28.13,27.66,27.78,9131810,0
2012-05-07,27.6,27.905,27.5,27.74,6322493,0
2012-05-08,27.505,27.555,26.525,27.095,10375348,0
2012-05-09,26.855,27.43,26.75,27.05,8616527,0
2012-05-10,27.355,27.785,27.245,27.425,7556080,0
2012-05-11,27.295,27.87,27.27285,27.505,7231444,0
2012-05-14,27.255,27.305,26.82,26.835,5898575,0
2012-05-15,26.9,27.048000000000002,26.54,26.67,9889933,0
2012-05-16,26.795,27.025,26.42,26.51,7909156,0
2012-05-17,26.595,26.6,25.815,25.835,8982766,0
2012-05-18,26.01,26.585,25.715,25.765,11371492,0
2012-05-21,25.855,26.87,25.765,26.85,10347688,0
2012-05-22,26.905,27.2,26.535,26.685,7879499,0
2012-05-23,26.98,27.74,26.95,27.645,9249199,0
2012-05-24,27.91,28.195,26.9625,27.38,10119038,0
2012-05-25,27.435,27.53,27.145,27.28,5085253,0
2012-05-29,27.495,27.925,27.4,27.79,6491815,0
2012-05-30,27.43,27.56,27.205,27.365,5209898,0
2012-05-31,27.415,27.54,26.955,27.445,7528050,0
2012-06-01,26.555,27.03,26.02,26.075,8729233,0
2012-06-04,26.0,26.985,25.745,26.95,12257555,0
2012-06-05,26.175,26.34,25.815,26.205,11171223,0
2012-06-06,26.545,26.8,26.44,26.735,6992845,0
2012-06-07,27.035,27.19,26.64,26.72,7238520,0
2012-06-08,26.42,26.88,26.19505,26.795,6255325,0
2012-06-11,27.075,27.085,26.375,26.415,4886050,0
2012-06-12,26.5,26.715,25.935,26.52,10537713,0
2012-06-13,26.42,26.68,25.515,25.635,10727645,0
2012-06-14,25.715,26.24,25.55,26.165,8005468,0
2012-06-15,25.885,26.295,25.775,26.27,10054399,0
2012-06-18,26.17,27.145,26.125,27.09,7958814,0
2012-06-19,27.355,27.775,27.265,27.56,7516212,0
2012-06-20,27.65,27.955,27.5,27.82,7484945,0
2012-06-21,27.91,27.985,27.0,27.035,6190192,0
2012-06-22,27.135,27.365,27.02,27.32,4576666,0
2012-06-25,27.08,27.12,26.505,26.6475,5003156,0
2012-06-26,26.635,27.05,26.5,26.975,4733602,0
2012-06-27,26.94,27.05,26.18,26.375,7008807,0
2012-06-28,26.265,26.295,25.625,26.045,7826046,0
2012-06-29,26.595,26.705,26.415,26.66,8497071,0
2012-07-02,26.72,26.72,26.075,26.395,5135387,0
2012-07-03,26.235,26.3,25.86,25.97,4556464,0
2012-07-05,26.02,26.4,25.985,26.2,4376130,0
2012-07-06,26.075,26.1,25.65,25.985,6048073,0
2012-07-09,25.885,26.2,25.86,26.195,4664278,0
2012-07-10,26.375,26.505,26.025,26.17,5279573,0
2012-07-11,26.09,26.18995,25.85,26.08,4349991,0
2012-07-12,25.8,26.475,25.72,26.34,5490307,0
2012-07-13,26.215,26.845,26.08,26.805,5544730,0
2012-07-16,26.73,26.93,26.38,26.45,4659345,0
2012-07-17,26.645,26.96,26.47,26.865,4235531,0
2012-07-18,26.415,26.795,26.135,26.65,5511614,0
2012-07-19,26.665,27.1375,26.45,27.1,5213190,0
2012-07-20,26.66,26.695,25.7725,25.98,11736389,0
2012-07-23,25.565,25.585,24.8,25.3,10584171,0
2012-07-24,25.265,25.58,25.04,25.24,6040623,0
2012-07-25,25.25,25.35,24.93,25.205,6580082,0
2012-07-26,25.855,26.445,25.69,26.2025,14190190,0
2012-07-27,23.45,24.1,23.06025,23.735,28475701,0
2012-07-30,23.725,23.865,23.345,23.44,8748688,0
2012-07-31,23.485,23.5,22.545,22.64,15215068,0
2012-08-01,22.735,22.755,21.85,21.89,16714193,0
2012-08-02,21.7975,22.09,21.52,21.58,15380315,0
2012-08-03,21.915,22.1,21.7,21.955,12237109,0
2012-08-06,22.095,22.1025,21.73,21.74,9957903,0
2012-08-07,21.905,22.69,21.845,22.655,12523254,0
2012-08-08,22.64,22.7,22.45,22.645,8314732,0
2012-08-09,22.795,22.83,22.515,22.555,9089838,0
2012-08-10,22.625,22.805,22.55,22.785,6756010,0
2012-08-13,22.87,23.155,22.74,23.055,8393018,0
2012-08-14,23.25,23.345,23.115,23.215,7066067,0
2012-08-15,23.375,24.155,23.37,24.05,14705249,0
2012-08-16,24.07,24.31,23.825,24.2,9694688,0
2012-08-17,24.305,24.305,23.92,24.11,8544826,0
2012-08-20,24.125,24.2,23.925,24.025,6148812,0
2012-08-21,24.16,24.225,23.975,24.045,7140041,0
2012-08-22,24.025,24.16,23.95,24.06,5909150,0
2012-08-23,24.07,24.195,23.91,23.95,6537873,0
2012-08-24,23.845,24.39,23.505,24.35,9078733,0
2012-08-27,24.5,24.655,24.375,24.57,8044832,0
2012-08-28,24.47,24.755,24.445,24.68,6662706,0
2012-08-29,24.72,24.835,24.525,24.585,6151442,0
2012-08-30,24.725,25.0,24.7,24.855,7959130,0
2012-08-31,25.01,25.03,24.68,24.805,5934019,0
2012-09-04,24.725,24.8975,24.5225,24.755,5403205,0
2012-09-05,24.785,25.325,24.755,24.9,6488123,0
2012-09-06,25.13,25.4975,25.05,25.42,5682350,0
2012-09-07,25.485,25.66,25.3775,25.585,5144576,0
2012-09-10,25.59,25.66,25.31,25.415,6892167,0
2012-09-11,25.5,25.64,25.305,25.365,6730049,0
2012-09-12,25.495,25.725,25.495,25.585,5638835,0
2012-09-13,25.585,25.925,25.44,25.86,5676359,0
2012-09-14,25.925,26.0,25.19,25.23,12083654,0
2012-09-17,24.975,25.035,24.495,24.83,10977793,0
2012-09-18,24.78,24.81995,24.54,24.625,8534647,0
2012-09-19,24.67,25.205,24.575,25.0555,7138505,0
2012-09-20,24.905,25.605,24.825,25.595,9022416,0
2012-09-21,25.745,25.825,25.5075,25.535,9064306,0
2012-09-24,25.45,25.715,25.3,25.58,4634270,0
2012-09-25,25.655,25.84,25.235,25.2625,7089371,0
2012-09-26,25.27,25.5,24.905,25.05,6985845,0
2012-09-27,25.165,25.535,25.0,25.5175,5877198,0
2012-09-28,25.28,25.48,24.945,25.355,8029208,0
2012-10-01,25.465,25.65,24.95,25.0725,7718789,0
2012-10-02,25.22,25.22,24.4,24.65,10930956,0
2012-10-03,24.825,24.915,24.525,24.745,7520194,0
2012-10-04,24.945,24.965,24.38,24.55,12408490,0
2012-10-05,24.735,24.8145,24.33,24.37,8959716,0
2012-10-08,24.33,24.585,24.2,24.38,7747935,0
2012-10-09,24.34,24.49,23.63,23.675,12146290,0
2012-10-10,23.87,23.905,23.31,23.475,11022431,0
2012-10-11,23.6,23.76,23.445,23.58,8644349,0
2012-10-12,23.76,23.845,23.52,23.59,8516722,0
2012-10-15,23.735,23.91,23.6675,23.835,6793779,0
2012-10-16,24.015,24.64,23.94,24.48,8740467,0
2012-10-17,24.395,24.585,24.165,24.195,7265852,0
2012-10-18,24.215,24.275,23.595,23.705,9844073,0
2012-10-19,23.465,23.475,22.7,22.8425,18383802,0
2012-10-22,22.865,22.87,22.545,22.65,8249225,0
2012-10-23,22.48,22.59,22.135,22.48575,11224706,0
2012-10-24,22.65,22.765,22.54,22.6307,8721891,0
2012-10-25,23.04,23.435,22.955,23.125,11755021,0
2012-10-26,23.025,23.1,22.6875,22.935,10866332,0
2012-10-31,22.933000000000003,23.095,22.5,22.95,8934619,0
2012-11-01,22.87,23.37,22.695,23.30985,12541186,0
2012-11-02,25.26,25.97,25.2,25.42,27483480,0
2012-11-05,25.4,25.645,25.35,25.505,10127575,0
2012-11-06,25.545,26.1,25.445,25.85505,8081333,0
2012-11-07,25.62,26.15,25.545,25.90485,9767438,0
2012-11-08,25.82,25.86995,25.415,25.43,7718957,0
2012-11-09,25.47,25.75,25.335,25.48,7178298,0
2012-11-12,25.48,25.68,25.33,25.34,4844415,0
2012-11-13,25.21,25.51,25.025,25.155,4911898,0
2012-11-14,25.0,25.24,24.4,24.42,11012921,0
2012-11-15,24.5,24.535,24.08,24.215,7890159,0
2012-11-16,24.415,24.5,23.925,24.38,9302601,0
2012-11-19,24.485,25.0,24.475,24.87,6335188,0
2012-11-20,24.79,25.165,24.715,25.03,5485746,0
2012-11-21,24.975,25.32,24.955,25.255,4045210,0
2012-11-23,25.275,25.66,25.275,25.595,2474626,0
2012-11-26,25.425,25.515,25.245,25.445,3901140,0
2012-11-27,25.44,25.73,25.065,25.1051,5404220,0
2012-11-28,25.095,25.7,24.9475,25.685,5452231,0
2012-11-29,25.89,26.1525,25.75,25.9,6416252,0
2012-11-30,25.71,26.005,25.52,25.935,6000848,0
2012-12-03,26.07,26.135,25.75,25.8946,6887964,0
2012-12-04,25.825,25.99,25.47,25.56,6153080,0
2012-12-05,26.0,26.07,24.78,25.395,13820009,0
2012-12-06,25.75,26.925,25.595,26.85,24933041,0
2012-12-07,26.715,27.0,26.57,26.82,10623948,0
2012-12-10,26.76,26.85,26.4,26.48,7424629,0
2012-12-11,26.665,26.75,26.5,26.595,7506061,0
2012-12-12,26.735,27.095,26.575,26.79915,9279586,0
2012-12-13,26.75,27.155,26.475,26.59,7180215,0
2012-12-14,26.6,26.875,26.53,26.68,4828233,0
2012-12-17,26.755,27.335,26.75,27.29,8057576,0
2012-12-18,27.335,27.45,27.1375,27.17,7690791,0
2012-12-19,27.2,27.425,27.065,27.135,7119772,0
2012-12-20,27.265,27.304000000000002,26.85,27.105,4899435,0
2012-12-21,26.525,26.845,26.295,26.8,11076858,0
2012-12-24,26.685,27.0,26.665,26.845,1702974,0
2012-12-26,26.81,26.895,26.441,26.565,3047241,0
2012-12-27,26.545,26.82,26.355,26.62,4583647,0
2012-12-28,26.49,26.635,26.31,26.32,3396563,0
2012-12-31,26.205,26.835,26.195,26.815,4623764,0
2013-01-02,27.295,27.5,27.13,27.5,6634465,0
2013-01-03,27.535,27.805,27.5,27.685,7335191,0
2013-01-04,27.765,28.0,27.655,27.845,5455829,0
2013-01-07,27.7,27.895,27.505,27.8602,4360574,0
2013-01-08,27.79,27.86,27.5355,27.81,4806624,0
2013-01-09,27.945,27.95,27.165,27.315,8339716,0
2013-01-10,27.38,27.585,27.15,27.27,7184243,0
2013-01-11,27.555,27.62,27.22,27.505,6651223,0
2013-01-14,27.545,27.75,27.27,27.335,5798123,0
2013-01-15,27.315,27.3925,26.84,27.24,6574404,0
2013-01-16,27.045,27.21,26.98,27.175,4459418,0
2013-01-17,27.395,27.45,27.1125,27.25,4506552,0
2013-01-18,27.26,27.515,27.0725,27.405,6545813,0
2013-01-22,27.535,27.535,27.25,27.495,5985694,0
2013-01-23,27.44,27.465,27.1,27.23,5459845,0
2013-01-24,27.3675,27.45,27.03,27.285,11736713,0
2013-01-25,28.34,28.635,28.185,28.405,15399633,0
2013-01-28,28.42,28.575,27.925,28.01,6613331,0
2013-01-29,27.81,28.005,27.645,27.8,6046279,0
2013-01-30,27.88,28.1,27.6905,28.0,6574187,0
2013-01-31,27.94,28.245,27.875,28.06,5292824,0
2013-02-01,28.285,28.55,28.275,28.43,4803541,0
2013-02-04,28.175,28.355,27.955,28.045,3963928,0
2013-02-05,28.12,28.225,27.955,28.1,4076221,0
2013-02-06,27.95,28.145,27.86,28.025,3724597,0
2013-02-07,28.025,28.03,27.575,27.93,4561716,0
2013-02-08,27.92,28.325,27.92,28.185,3573148,0
2013-02-11,28.26,28.26,27.93,28.07,2728777,0
2013-02-12,28.0,28.275,27.975,28.13,4332796,0
2013-02-13,28.23,28.23,27.75,27.915,3512458,0
2013-02-14,27.765,27.905,27.675,27.775,4449794,0
2013-02-15,27.805,27.85,27.085,27.17,9098104,0
2013-02-19,27.18,27.305,27.01,27.225,5880856,0
2013-02-20,27.3,27.42,26.59,26.655,6238453,0
2013-02-21,26.535,26.82,26.26,26.675,6949505,0
2013-02-22,26.85,27.105,26.64,27.085,5744608,0
2013-02-25,27.2,27.355,26.6,26.605,6167257,0
2013-02-26,26.715,26.93,26.425,26.64,5306342,0
2013-02-27,26.625,27.4875,26.54,27.285,6028151,0
2013-02-28,27.325,27.585,27.225,27.425,5218134,0
2013-03-01,27.315,27.465,27.0,27.435,4226222,0
2013-03-04,27.385,27.86,27.33,27.85,5097426,0
2013-03-05,28.0,28.4,28.0,28.255,6465922,0
2013-03-06,28.38,28.745,28.325,28.55,7463209,0
2013-03-07,28.55,29.25,28.545,29.125,9125411,0
2013-03-08,29.335,29.485,29.0725,29.335,7109659,0
2013-03-11,29.2,29.465,29.165,29.305,4949183,0
2013-03-12,29.225,29.275,28.99,29.14,5835350,0
2013-03-13,29.165,29.4,29.14,29.2925,3717670,0
2013-03-14,29.26,29.375,28.705,28.84,7361653,0
2013-03-15,28.68,28.93,28.63,28.83,7551671,0
2013-03-18,28.53,28.71,28.375,28.465,5260811,0
2013-03-19,28.255,28.49,27.98,28.415,6668617,0
2013-03-20,28.61,28.805,28.5,28.715,4811791,0
2013-03-21,28.65,28.71,28.375,28.525,4153664,0
2013-03-22,28.65,28.875,28.58,28.69,4373735,0
2013-03-25,28.765,28.915,28.075,28.345,5290617,0
2013-03-26,28.495,28.58,28.355,28.525,3064731,0
2013-03-27,28.43,28.475,28.105,28.455,3728414,0
2013-03-28,28.465,28.63,28.43,28.475,3810295,0
2013-04-01,28.565,28.67,28.325,28.435,3505016,0
2013-04-02,28.595,29.165,28.575,29.13,6747875,0
2013-04-03,29.2,29.45,28.69,28.85,5636303,0
2013-04-04,28.805,29.155,28.805,29.055,3784340,0
2013-04-05,28.605,28.9382,28.3592,28.9,4496798,0
2013-04-08,28.915,29.06,28.73,29.06,3671986,0
2013-04-09,28.98,29.0,28.59,28.705,4180679,0
2013-04-10,28.82,29.155,28.8045,28.9,4288694,0
2013-04-11,28.975,29.495,28.9,29.2875,5208628,0
2013-04-12,29.355,29.855,29.3,29.545,5209255,0
2013-04-15,29.33,29.72,28.8,28.855,5351038,0
2013-04-16,28.97,29.47,28.86,29.28,4424664,0
2013-04-17,29.015,29.275,28.825,29.085,3603684,0
2013-04-18,29.18,29.24,28.75,28.86,4460728,0
2013-04-19,28.79,29.29,28.77,29.2025,4302952,0
2013-04-22,29.21,29.435,28.99,29.32,2773801,0
2013-04-23,29.42,29.95,29.38995,29.695,5663411,0
2013-04-24,29.845,29.985,29.565,29.915,5207610,0
2013-04-25,30.0,30.32,29.955,30.25,8304466,0
2013-04-26,29.65,30.195,29.6,30.0,7485486,0
2013-04-29,30.175,30.46,30.065,30.29,3700579,0
2013-04-30,30.315,30.455,30.155,30.42,4021046,0
2013-05-01,30.275,30.34,29.975,30.07,3148298,0
2013-05-02,30.22,30.34,29.8,30.19,3119055,0
2013-05-03,30.425,30.985,30.35,30.935,4917975,0
2013-05-06,31.0,31.24,30.96,31.24,3498667,0
2013-05-07,31.265,31.265,30.855,31.095,3747914,0
2013-05-08,31.17,31.22,30.865,31.205,2757051,0
2013-05-09,31.33,31.45,31.02,31.18,4138771,0
2013-05-10,31.285,31.595,31.195,31.5485,3742850,0
2013-05-13,31.6,31.61495,31.305,31.41,2953446,0
2013-05-14,31.46,31.785,31.39,31.76,3755390,0
2013-05-15,31.6592,32.1,31.61,32.035,4827273,0
2013-05-16,32.0,32.0325,31.725,31.775,3330618,0
2013-05-17,31.885,32.07,31.75,32.065,3467141,0
2013-05-20,32.015,32.305,31.89,31.915,3605995,0
2013-05-21,32.02,32.23,31.94,32.125,3294473,0
2013-05-22,32.075,32.465,31.98,32.075,5507393,0
2013-05-23,31.845,31.91,31.515,31.76,4129274,0
2013-05-24,31.54,31.7,31.305,31.68,3253621,0
2013-05-28,32.105,32.35,32.02,32.13,3719258,0
2013-05-29,31.895,32.05,31.5575,31.815,3781125,0
2013-05-30,31.935,32.02205,31.7275,31.735,4400453,0
2013-05-31,31.605,32.1725,31.395,31.57,5103062,0
2013-06-03,31.63,31.77,31.31,31.73,5708915,0
2013-06-04,31.305,32.07,31.305,31.665,4311282,0
2013-06-05,31.52,31.65,31.155,31.17,4204369,0
2013-06-06,31.175,31.5275,31.16,31.51,4312654,0
2013-06-07,31.705,32.545,31.705,32.52,6876849,0
2013-06-10,32.83,33.155,32.74,33.055,6206870,0
2013-06-11,32.735,33.0525,32.655,32.71,3948748,0
2013-06-12,32.91,33.0,32.13,32.225,5035060,0
2013-06-13,32.27,33.095,32.035,32.985,5955091,0
2013-06-14,32.975,33.335,32.725,32.8,4927217,0
2013-06-17,33.095,33.28,32.8575,33.015,4057900,0
2013-06-18,33.0,33.565,32.975,33.5475,3727936,0
2013-06-19,33.51,33.74,33.205,33.205,5323627,0
2013-06-20,32.91005,33.16,32.52,32.61,5804290,0
2013-06-21,32.855,32.96,32.115,32.345,7354751,0
2013-06-24,32.0,32.289,31.59,32.005,4956889,0
2013-06-25,32.265,32.68,32.22,32.37,4928426,0
2013-06-26,32.685,33.35455,32.44545,32.9,4772921,0
2013-06-27,33.13495,33.25,32.825,32.845,3154055,0
2013-06-28,32.755,33.125,32.7,32.755,5418653,0
2013-07-01,33.045,33.245,32.91,33.12,3346520,0
2013-07-02,33.12,33.6,33.04,33.395,3382764,0
2013-07-03,33.215,33.84,33.2,33.65,2817594,0
2013-07-05,33.935,34.0,33.45,33.86,2595522,0
2013-07-08,33.97,34.41,33.94,34.145,4014960,0
2013-07-09,34.45,34.5,33.995,34.065,3729957,0
2013-07-10,33.935,34.06,33.725,34.05,4039396,0
2013-07-11,34.34,34.7575,34.175,34.67,4192999,0
2013-07-12,34.62,34.86,34.39,34.86,4853366,0
2013-07-15,34.845,34.95,34.765,34.83,3090432,0
2013-07-16,34.82,34.86,34.54,34.76,3034073,0
2013-07-17,34.87,34.9076,33.945,34.1,6074155,0
2013-07-18,34.225,34.505,34.02,34.24,4268877,0
2013-07-19,34.285,34.555,34.2,34.395,3599177,0
2013-07-22,34.54,34.605,34.275,34.51,3280041,0
2013-07-23,34.62,34.66,33.725,33.83,4234471,0
2013-07-24,34.06,34.215,33.15,33.305,7020111,0
2013-07-25,33.47,34.15,33.365,34.085,8045590,0
2013-07-26,36.29995,36.76,35.925,36.68,16149063,0
2013-07-29,36.375,36.54,36.05,36.225,6417639,0
2013-07-30,36.45,36.49,35.855,35.965,4904673,0
2013-07-31,36.07,36.25,35.61,35.6445,5624253,0
2013-08-01,36.135,36.865,36.04,36.74,6427216,0
2013-08-02,36.75,37.135,36.58,37.115,4708357,0
2013-08-05,37.11,37.135,36.855,36.985,3804248,0
2013-08-06,36.83,36.925,36.39,36.4,3979360,0
2013-08-07,36.18,36.575,36.0825,36.095,3535011,0
2013-08-08,36.385,36.7,36.2,36.47,2962686,0
2013-08-09,36.295,36.6154,36.26,36.4,2683925,0
2013-08-12,36.14,36.565,36.125,36.465,2736835,0
2013-08-13,36.545,36.545,35.96735,36.32,2688897,0
2013-08-14,36.29,36.29,35.895,35.925,2468676,0
2013-08-15,35.655,35.675,35.155,35.37,3599439,0
2013-08-16,35.49,35.695,35.275,35.355,3465565,0
2013-08-19,35.29,35.6475,35.09,35.145,3175704,0
2013-08-20,35.18,35.5125,35.05575,35.33,3024410,0
2013-08-21,35.21,35.7,35.14,35.3565,3460044,0
2013-08-22,35.54,36.13,35.505,35.95,2699938,0
2013-08-23,36.0325,36.095,35.79,35.985,2934870,0
2013-08-26,36.035,36.105,35.8,35.94,2464634,0
2013-08-27,35.45,35.685,35.055,35.08,4012513,0
2013-08-28,35.045,35.66,34.93,35.48,3126861,0
2013-08-29,35.365,35.92,35.25,35.59,2755160,0
2013-08-30,35.69,35.7,35.165,35.26,2833594,0
2013-09-03,35.85,36.07,35.595,35.8,3625450,0
2013-09-04,35.71,36.135,35.5455,36.07,3252192,0
2013-09-05,36.125,36.38,36.005,36.025,2465610,0
2013-09-06,36.185,36.325,35.465,35.785,3178335,0
2013-09-09,35.84,36.245,35.835,36.22,2469465,0
2013-09-10,36.49,37.16,36.46495,37.1075,5889712,0
2013-09-11,37.165,37.74995,37.165,37.695,4991422,0
2013-09-12,37.75,37.955,37.5603,37.835,3814380,0
2013-09-13,37.795,37.85,37.325,37.785,2884068,0
2013-09-16,38.285,38.3,37.43,37.62,4393716,0
2013-09-17,37.63,38.12,37.585,38.02,3330608,0
2013-09-18,37.94,38.81,37.775,38.665,4745631,0
2013-09-19,38.76,38.9225,38.15,38.175,4023750,0
2013-09-20,38.13,38.5,38.035,38.06,4817617,0
2013-09-23,38.055,38.19,37.535,37.68,3391941,0
2013-09-24,37.765,38.655,37.739000000000004,38.275,3867963,0
2013-09-25,38.42,38.505,38.0352,38.17,3631245,0
2013-09-26,38.32,38.6395,38.16,38.59,2494407,0
2013-09-27,38.455,38.74,38.2,38.665,3100442,0
2013-09-30,38.25,38.5425,38.025,38.485,4430622,0
2013-10-01,38.49,38.67,38.28,38.58,2604561,0
2013-10-02,38.295,38.615,38.105,38.595,3050441,0
2013-10-03,38.48,38.73,38.16,38.435,4133218,0
2013-10-04,38.4,38.73,38.255,38.7,2621073,0
2013-10-07,38.3,38.695,38.205,38.4305,2553492,0
2013-10-08,38.555,39.015,37.72,37.765,6323991,0
2013-10-09,37.695,37.9,37.22625,37.63,4744789,0
2013-10-10,38.145,38.655,38.065,38.56,3319048,0
2013-10-11,38.61,38.92,38.44,38.91,2765188,0
2013-10-14,38.7675,39.16,38.625,39.05,2993331,0
2013-10-15,38.915,38.9475,38.3,38.355,4073437,0
2013-10-16,38.6,39.1125,38.445,39.02,5051969,0
2013-10-17,38.835,39.425,38.725,39.3675,3281290,0
2013-10-18,39.635,39.835,39.485,39.655,4524984,0
2013-10-21,39.555,39.955,39.335,39.73,3385145,0
2013-10-22,39.95,40.54,39.8,40.45,4209785,0
2013-10-23,40.225,40.425,39.945,40.025,3954047,0
2013-10-24,39.68,39.72,39.255,39.525,6754183,0
2013-10-25,39.735,40.0,39.635,39.98,3625920,0
2013-10-28,40.1,40.215,39.2625,39.355,5621366,0
2013-10-29,39.605,39.81,39.525,39.81,3949218,0
2013-10-30,40.315,40.425,39.88,40.415,8759358,0
2013-10-31,39.345,40.81,39.28595,40.525,10245776,0
2013-11-01,40.77,40.77,39.835,40.185,6002603,0
2013-11-04,40.375,40.39,40.105,40.185,4142592,0
2013-11-05,40.18,41.17,40.075,40.995,5046422,0
2013-11-06,41.195,41.25,40.485,40.565,4281147,0
2013-11-07,40.65,40.675,39.5,39.535,6641644,0
2013-11-08,39.755,40.625,39.7,40.6,5743868,0
2013-11-11,40.6,40.71,40.49,40.495,2573104,0
2013-11-12,40.38,40.52495,40.06,40.3075,3306536,0
2013-11-13,39.62,40.75,39.595,40.7305,6259529,0
2013-11-14,40.765,40.77,40.3925,40.57,3823844,0
2013-11-15,40.625,40.725,40.39,40.595,3222700,0
2013-11-18,40.51,40.67,40.105,40.27,4161314,0
2013-11-19,40.005,40.46,39.93,39.96,4362972,0
2013-11-20,40.065,40.125,39.66,39.845,4367075,0
2013-11-21,39.9,40.825,39.875,40.765,6569547,0
2013-11-22,40.85,40.85,40.55,40.675,3963085,0
2013-11-25,40.685,40.74,40.255,40.355,4500563,0
2013-11-26,40.43,40.825,40.2025,40.755,4383932,0
2013-11-27,40.695,40.955,40.6,40.81,2376000,0
2013-11-29,40.925,41.185,40.685,40.73,2193572,0
2013-12-02,40.745,40.8445,40.455,40.535,2886900,0
2013-12-03,40.37,40.5775,40.145,40.275,3946632,0
2013-12-04,40.195,40.36,39.72,39.75,5103227,0
2013-12-05,39.78,40.125,39.665,39.86,3284597,0
2013-12-06,40.2975,40.375,39.855,39.97,3368316,0
2013-12-09,40.13,40.23,39.8025,39.865,3968081,0
2013-12-10,39.495,39.535,38.34,38.69,13164752,0
2013-12-11,38.8,38.9975,38.145,38.2,7875998,0
2013-12-12,38.14,38.545,38.0,38.24,4825519,0
2013-12-13,38.415,38.465,38.045,38.175,4026291,0
2013-12-16,38.015,38.49,37.955,38.23,4674412,0
2013-12-17,38.29,38.29,37.955,38.045,3504450,0
2013-12-18,38.065,38.845,38.05,38.84,5134128,0
2013-12-19,39.12,39.25,38.51,38.575,5703141,0
2013-12-20,38.76,38.99,38.622,38.83,6353700,0
2013-12-23,38.985,39.17,38.675,39.16,3812276,0
2013-12-24,39.05,39.375,38.975,39.285,1948306,0
2013-12-26,39.365,39.5125,39.2195,39.44,2195669,0
2013-12-27,39.645,39.65,39.23,39.285,2253064,0
2013-12-30,39.395,39.415,38.93,39.275,2367243,0
2013-12-31,39.215,39.39,39.005,39.195,3008120,0
2014-01-02,39.035,39.135,38.5025,38.585,4264011,0
2014-01-03,38.65,38.885,38.47,38.475,3272813,0
2014-01-06,38.45,38.675,38.005,38.085,5302450,0
2014-01-07,38.325,38.705,38.235,38.605,4090199,0
2014-01-08,38.64,39.0735,38.595,39.015,5095288,0
2014-01-09,39.035,39.05,38.4,38.8,4185138,0
2014-01-10,38.78,38.995,38.475,38.835,3237975,0
2014-01-13,38.69,38.695,37.38,37.56,7365143,0
2014-01-14,37.56,38.1775,37.375,37.73,9334104,0
2014-01-15,37.77,38.165,37.705,38.095,4360782,0
2014-01-16,37.91,38.0975,37.565,37.645,4555462,0
2014-01-17,37.5,37.73,37.335,37.45,6503910,0
2014-01-21,37.525,37.535,36.63,36.825,9388636,0
2014-01-22,36.975,37.1,36.77,36.8,6994865,0
2014-01-23,36.74,36.865,35.84,36.695,15225606,0
2014-01-24,37.365,38.08,37.055,37.49,16609214,0
2014-01-27,37.615,37.615,37.01,37.105,9106015,0
2014-01-28,37.285,37.3975,36.835,36.945,5551948,0
2014-01-29,36.75,36.83,35.73,35.78,8001038,0
2014-01-30,36.14,36.215,35.655,35.955,7590799,0
2014-01-31,35.445,35.9705,35.435,35.56,6143528,0
2014-02-03,35.5,35.755,34.335,34.485,10176926,0
2014-02-04,35.0,35.6,34.685,35.325,10533118,0
2014-02-05,35.045,35.37,34.805,35.245,5484164,0
2014-02-06,35.33,36.4,35.28,36.18,6909857,0
2014-02-07,36.805,37.245,36.345,37.0175,7376385,0
2014-02-10,37.155,37.59,37.155,37.4,6474195,0
2014-02-11,37.435,37.595,36.89505,37.25,8082926,0
2014-02-12,37.245,37.53,36.85,36.955,4986526,0
2014-02-13,36.78,37.345,36.695,37.345,4238628,0
2014-02-14,37.175,37.545,37.005,37.515,4133219,0
2014-02-18,37.495,37.5,36.9675,36.985,5483873,0
2014-02-19,36.92,37.14,36.615,36.66,4901050,0
2014-02-20,36.7,36.855,36.24,36.775,4276516,0
2014-02-21,36.89,36.93,36.26,36.28,5649129,0
2014-02-24,36.33,36.44,36.01,36.28,5976635,0
2014-02-25,36.25,36.33,35.275,35.275,9320623,0
2014-02-26,35.4,36.11,34.975,35.89,9578268,0
2014-02-27,35.81,36.12,35.715,36.095,5649224,0
2014-02-28,35.77,35.96625,35.25,35.48,11232753,0
2014-03-03,35.005,35.365,35.0,35.235,6152499,0
2014-03-04,35.715,35.98,35.525,35.83,6127552,0
2014-03-05,35.995,36.045,35.44,35.65,4891705,0
2014-03-06,35.915,36.6675,35.885,36.345,6890524,0
2014-03-07,36.495,36.55,36.105,36.535,4204686,0
2014-03-10,36.625,36.82,36.395,36.78,4324388,0
2014-03-11,36.995,37.704,36.925,37.515,9184375,0
2014-03-12,37.275,37.83,37.25,37.815,5225431,0
2014-03-13,37.92,38.21,37.015,37.215,5690391,0
2014-03-14,37.045,37.445,37.0118,37.135,4481301,0
2014-03-17,37.405,37.495,36.91,37.09,5509947,0
2014-03-18,37.175,37.42,37.025,37.3,2998760,0
2014-03-19,37.5,38.665,37.41,37.955,12491570,0
2014-03-20,38.145,38.565,37.8,38.4775,6925738,0
2014-03-21,39.105,39.32,38.31,38.355,9018452,0
2014-03-24,38.45,38.555,37.605,37.885,5009362,0
2014-03-25,38.22,38.255,37.145,37.305,5284079,0
2014-03-26,37.465,37.495,36.76,36.77,4185559,0
2014-03-27,36.535,36.98,36.345,36.7,6337829,0
2014-03-28,36.645,37.03,36.525,36.85,3291375,0
2014-03-31,36.95,37.2,36.585,36.69,3860877,0
2014-04-01,36.82,37.49,36.705,37.005,4370890,0
2014-04-02,37.175,37.185,36.62,36.835,4152217,0
2014-04-03,36.93,37.17,36.41,36.545,3582727,0
2014-04-04,36.775,36.945,35.66,35.775,5854273,0
2014-04-07,35.6,35.69,35.025,35.215,5544862,0
2014-04-08,35.32,35.8475,35.25,35.74,5339545,0
2014-04-09,35.815,36.34,35.6,36.24,4527793,0
2014-04-10,36.37,36.37,35.085,35.11,6687735,0
2014-04-11,34.895,35.06495,34.34,34.365,8184422,0
2014-04-14,34.815,35.02,34.35,34.655,6088240,0
2014-04-15,34.98,35.05,33.965,34.445,7730880,0
2014-04-16,34.825,35.44,34.58,35.395,5639322,0
2014-04-17,35.285,35.695,35.07,35.075,4622983,0
2014-04-21,35.155,35.3,34.925,35.24,3049221,0
2014-04-22,35.265,35.6375,35.165,35.5745,4431345,0
2014-04-23,35.73,35.735,35.11,35.195,4440774,0
2014-04-24,35.76,36.02,35.055,35.545,7788508,0
2014-04-25,36.0,36.125,35.47,35.725,9061065,0
2014-04-28,35.945,36.01,34.9,35.465,5366778,0
2014-04-29,35.59,35.725,35.1325,35.32,4915082,0
2014-04-30,35.31,35.38,35.06,35.31,3641539,0
2014-05-01,35.375,35.6,35.16,35.56,3959597,0
2014-05-02,35.625,35.7625,35.285,35.3,4153245,0
2014-05-05,35.25,35.5275,35.09,35.46,2743299,0
2014-05-06,35.365,35.415,34.665,34.79,5463393,0
2014-05-07,34.89,34.9975,34.57,34.87,5480998,0
2014-05-08,34.8,35.2475,34.67,34.79,3765672,0
2014-05-09,34.85,35.155,34.76125,35.145,3311568,0
2014-05-12,35.32,35.62,35.2,35.575,3613602,0
2014-05-13,35.485,35.67,35.45,35.58,2901458,0
2014-05-14,35.59,35.6,35.015,35.085,4293011,0
2014-05-15,35.13,35.165,34.64,34.925,4562343,0
2014-05-16,35.0,35.52,34.905,35.47,4647413,0
2014-05-19,35.28,35.56,35.14,35.51,3378905,0
2014-05-20,35.38,35.448,34.92005,35.115,4349939,0
2014-05-21,35.355,35.375,35.035,35.2,3044643,0
2014-05-22,35.175,35.885,35.15,35.7,3679818,0
2014-05-23,36.145,36.255,35.915,35.99,3583155,0
2014-05-27,36.32,36.89,36.27005,36.83,5050199,0
2014-05-28,36.65,36.785,36.4575,36.635,4106015,0
2014-05-29,36.76,36.78,36.325,36.555,3224439,0
2014-05-30,36.58,36.75,36.265,36.62,3439767,0
2014-06-02,36.61,37.0275,36.58,36.925,2963078,0
2014-06-03,36.86,37.175,36.79,37.09,3384177,0
2014-06-04,37.06,37.35,36.82,37.335,3247852,0
2014-06-05,37.18,37.57,37.1,37.36,2594383,0
2014-06-06,37.53,37.77,37.4,37.665,3102353,0
2014-06-09,37.69,37.7,37.32495,37.59,2850509,0
2014-06-10,37.625,37.72,37.16,37.3,3320456,0
2014-06-11,37.07,37.435,36.925,37.4,3755433,0
2014-06-12,37.345,37.35,36.865,36.98,3596874,0
2014-06-13,36.935,37.4475,36.765,37.345,3864149,0
2014-06-16,37.24,37.58,37.23,37.545,3379838,0
2014-06-17,37.515,37.825,37.495,37.655,2889300,0
2014-06-18,37.6,37.84235,37.3,37.78,2893285,0
2014-06-19,38.275,38.75,38.23,38.615,6277539,0
2014-06-20,38.815,38.815,38.205,38.3,6223297,0
2014-06-23,38.345,38.635,38.0955,38.365,2390115,0
2014-06-24,38.45,38.875,38.27,38.715,5456151,0
2014-06-25,38.52,39.09,38.48,39.06,3906917,0
2014-06-26,39.005,39.165,38.735,39.03,3491633,0
2014-06-27,38.98,39.175,38.895,38.97,4334634,0
2014-06-30,39.05,39.095,38.54,38.69,4805124,0
2014-07-01,38.945,39.1,38.8,39.04,4036944,0
2014-07-02,39.19,39.2045,38.955,39.095,2397309,0
2014-07-03,39.195,39.7,39.07,39.53,3331308,0
2014-07-07,39.39,39.69,39.305,39.345,3721962,0
2014-07-08,39.32,39.45,39.125,39.28,3901040,0
2014-07-09,39.27,39.74,39.18005,39.725,3891722,0
2014-07-10,39.305,39.525,39.095,39.425,2360381,0
2014-07-11,39.48,39.495,39.07,39.3,2127384,0
2014-07-14,39.49,39.49,39.21,39.28,2281060,0
2014-07-15,39.325,39.575,39.23,39.445,4184864,0
2014-07-16,39.53,39.53,39.155,39.365,4367129,0
2014-07-17,39.06,39.23,38.56,38.62,4223175,0
2014-07-18,38.85,39.075,38.625,38.97,3372260,0
2014-07-21,38.93,38.965,38.585,38.805,2510929,0
2014-07-22,39.165,39.515,39.1,39.37,3228622,0
2014-07-23,39.255,39.6395,39.2,39.57,3225140,0
2014-07-24,39.795,40.32,39.575,40.225,8064643,0
2014-07-25,39.2,39.66,38.95,39.37,9492183,0
2014-07-28,39.4,39.5,39.0865,39.18,4006462,0
2014-07-29,39.245,39.625,39.205,39.325,3968624,0
2014-07-30,39.5,39.59,39.26,39.45,4455854,0
2014-07-31,39.26,39.35,38.76,38.84,4073792,0
2014-08-01,38.75,38.945,38.29,38.49,3899093,0
2014-08-04,38.63,38.88,38.515,38.765,3141337,0
2014-08-05,38.585,38.73,38.215,38.395,3348200,0
2014-08-06,38.25,38.72,38.135,38.565,2967609,0
2014-08-07,38.665,38.72,38.28,38.355,2713982,0
2014-08-08,38.315,38.835,38.255,38.81,2978994,0
2014-08-11,38.835,39.125,38.825,38.935,2261200,0
2014-08-12,38.935,39.0718,38.76,38.91,2361922,0
2014-08-13,39.05,39.05,38.565,38.62,3467572,0
2014-08-14,38.74,38.75,38.08,38.31,5446291,0
2014-08-15,38.61,38.64,38.185,38.455,4045022,0
2014-08-18,38.595,38.93,38.59,38.795,3422708,0
2014-08-19,38.9,39.1,38.8,39.06,2459515,0
2014-08-20,39.005,39.235,38.87,39.015,2334379,0
2014-08-21,38.905,39.085,38.695,38.735,2405996,0
2014-08-22,38.62,38.8,38.525,38.64,2276164,0
2014-08-25,38.82,39.11,38.755,38.985,2849161,0
2014-08-26,39.005,39.215,38.8775,38.895,2756928,0
2014-08-27,38.955,39.135,38.83,38.96,2452009,0
2014-08-28,38.895,39.015,38.755,38.905,1979016,0
2014-08-29,39.035,39.05,38.76,38.905,2328678,0
2014-09-02,38.85,38.99,38.58,38.74,3098734,0
2014-09-03,38.78,38.965,38.35,38.395,3398368,0
2014-09-04,38.4,38.6863,38.38,38.58,2874895,0
2014-09-05,38.505,38.985,38.405,38.975,4013304,0
2014-09-08,38.88,38.98,38.665,38.835,2246388,0
2014-09-09,38.725,38.875,38.49,38.56,2557286,0
2014-09-10,38.505,38.7,38.375,38.605,2959336,0
2014-09-11,38.49,38.5,38.04,38.06,4682812,0
2014-09-12,37.915,38.035,37.47,37.735,7309674,0
2014-09-15,37.63,37.67,37.195,37.46,5422854,0
2014-09-16,37.42,37.725,37.265,37.545,4020607,0
2014-09-17,37.67,37.9105,37.5525,37.67,3737865,0
2014-09-18,37.795,37.945,37.5,37.865,4014457,0
2014-09-19,37.985,38.165,37.88505,38.035,6020363,0
2014-09-22,38.025,38.025,37.165,37.3,3929823,0
2014-09-23,37.145,37.44,36.89,36.9775,3869693,0
2014-09-24,37.265,37.715,37.175,37.66,4299857,0
2014-09-25,37.59,37.64,37.045,37.06,4005407,0
2014-09-26,37.0,37.615,36.97,37.585,3829897,0
2014-09-29,37.275,37.76,37.225,37.635,3188263,0
2014-09-30,37.78,37.925,37.51,37.73,3900452,0
2014-10-01,37.84,37.955,37.205,37.305,4059532,0
2014-10-02,37.205,37.5,36.89,37.225,4286760,0
2014-10-03,37.4,38.05,37.385,37.945,4114584,0
2014-10-06,38.01,38.115,37.55,37.5725,2610874,0
2014-10-07,37.45,37.525,37.01,37.025,3191716,0
2014-10-08,37.12,37.71,36.815,37.63,3358154,0
2014-10-09,37.52,37.91,37.18,37.24,4671914,0
2014-10-10,37.13,37.895,37.05,37.23,5247970,0
2014-10-13,37.105,37.22,36.005,36.095,6215707,0
2014-10-14,36.205,36.79,36.105,36.37,5497511,0
2014-10-15,36.015,36.465,35.635,36.19,6811004,0
2014-10-16,35.59,36.435,35.385,36.32,4869416,0
2014-10-17,36.675,36.955,36.44005,36.77,4790530,0
2014-10-20,36.805,37.375,36.7025,37.35,3978514,0
2014-10-21,37.5,37.5925,37.07,37.18,6156465,0
2014-10-22,37.24,37.4925,37.08,37.3,3234835,0
2014-10-23,37.575,37.755,37.38,37.42,3418865,0
2014-10-24,37.45,37.955,37.175,37.905,3679517,0
2014-10-27,38.005,38.19,37.91,37.985,2898138,0
2014-10-28,38.17,38.535,37.94,38.525,4075494,0
2014-10-29,38.55,38.8325,38.11,38.27,4397451,0
2014-10-30,38.09,38.725,38.055,38.66,6694485,0
2014-10-31,37.625,38.37,37.46,37.78,17944954,0
2014-11-03,37.985,38.135,37.735,38.05,5303468,0
2014-11-04,37.805,38.47,37.75,38.355,5210382,0
2014-11-05,38.505,38.695,38.295,38.33,3701698,0
2014-11-06,38.485,38.775,38.33,38.725,3083638,0
2014-11-07,38.82,39.045,38.605,38.895,4124497,0
2014-11-10,38.82,38.95,38.585,38.825,3277685,0
2014-11-11,38.915,39.1,38.625,38.865,2600719,0
2014-11-12,38.705,39.005,38.635,38.925,2656097,0
2014-11-13,39.095,39.24,38.7059,38.945,3421124,0
2014-11-14,39.04,39.15,38.865,39.06,3019641,0
2014-11-17,38.97,39.235,38.8225,38.915,2949510,0
2014-11-18,38.815,39.0,38.6575,38.785,2877908,0
2014-11-19,38.72,39.04,38.7,38.91,2615593,0
2014-11-20,38.83,39.32,38.825,39.1,3143548,0
2014-11-21,39.565,39.96,39.385,39.88,7013859,0
2014-11-24,39.95,40.41,39.855,40.26,4713100,0
2014-11-25,40.28,40.46,40.025,40.105,4059193,0
2014-11-26,40.06,40.155,39.7,39.85,3098376,0
2014-11-28,40.215,40.82,40.20505,40.605,3383337,0
2014-12-01,40.5,40.75,40.31,40.425,4313739,0
2014-12-02,40.345,40.425,40.045,40.185,3828199,0
2014-12-03,40.21,40.375,40.035,40.235,5600698,0
2014-12-04,40.3,41.15,40.195,40.655,7035455,0
2014-12-05,41.25,41.96,41.215,41.785,7394084,0
2014-12-08,42.1,42.1,41.55,41.9,5885326,0
2014-12-09,41.535,41.645,41.1,41.515,4362810,0
2014-12-10,41.45,42.02,41.275,41.33,5048160,0
2014-12-11,41.45,42.01,41.3275,41.56,5029148,0
2014-12-12,41.37,41.985,41.285,41.625,4582115,0
2014-12-15,41.135,41.25,40.345,40.445,8143493,0
2014-12-16,40.245,40.545,39.555,39.565,6990937,0
2014-12-17,39.565,40.295,39.22,40.2175,5080812,0
2014-12-18,40.775,40.82,39.63,40.015,8791471,0
2014-12-19,40.1,40.145,39.705,39.72,8722106,0
2014-12-22,39.925,40.275,39.885,40.27,3791928,0
2014-12-23,40.75,41.025,40.565,40.715,4073861,0
2014-12-24,40.735,40.93,40.59,40.635,1301199,0
2014-12-26,40.715,41.2,40.69005,40.915,2275182,0
2014-12-29,40.83,41.275,40.75,41.19,2398331,0
2014-12-30,41.035,41.44,40.895,40.895,2626727,0
2014-12-31,41.095,41.665,41.0,41.025,3814386,0
2015-01-02,41.065,41.4875,40.445,40.72,3453049,0
2015-01-05,40.07,40.335,39.745,39.94,5811898,0
2015-01-06,40.17,40.195,39.28,39.615,3832170,0
2015-01-07,39.875,40.615,39.7,40.59,4866277,0
2015-01-08,41.165,41.65,41.01,41.245,6585274,0
2015-01-09,40.495,40.755,39.56,39.895,13778353,0
2015-01-12,40.145,40.415,39.91,40.115,5010743,0
2015-01-13,40.74,41.07,40.065,40.435,5520351,0
2015-01-14,40.025,40.39,39.805,40.21,4647542,0
2015-01-15,40.3,40.45,39.595,39.79,4063301,0
2015-01-16,39.63,40.39,39.5,40.305,4507751,0
2015-01-20,40.4,40.735,40.165,40.6125,5369152,0
2015-01-21,40.525,40.815,40.265,40.645,5422091,0
2015-01-22,40.68,41.42,40.445,41.37,11956528,0
2015-01-23,43.25,44.35,43.22,44.11,19053597,0
2015-01-26,44.045,44.25,43.705,44.06,7049287,0
2015-01-27,43.89,44.605,43.725,44.17,5497904,0
2015-01-28,44.35,44.795,43.745,43.7825,5981601,0
2015-01-29,44.005,44.65,43.785,44.525,6237930,0
2015-01-30,44.29,44.47,43.695,43.765,5035228,0
2015-02-02,43.84,44.045,42.93,43.995,6819416,0
2015-02-03,43.99,44.245,43.465,44.245,4626213,0
2015-02-04,44.0,44.715,43.995,44.35,5748349,0
2015-02-05,44.355,44.885,44.355,44.82,3799336,0
2015-02-06,44.75,44.8375,44.34,44.5,3917666,0
2015-02-09,44.255,44.60345,44.07,44.41,3455807,0
2015-02-10,44.685,45.69,44.665,45.59,6234750,0
2015-02-11,45.58,45.895,45.3525,45.395,3233455,0
2015-02-12,45.545,45.97,45.045,45.9125,3598779,0
2015-02-13,45.995,45.995,45.4525,45.79,3054761,0
2015-02-17,45.885,46.12,45.63,46.015,3193450,0
2015-02-18,46.195,46.665,46.0,46.5,3270993,0
2015-02-19,46.575,46.89,46.505,46.585,3054588,0
2015-02-20,46.73,46.835,46.485,46.755,3231331,0
2015-02-23,46.925,46.964,46.54,46.79,2927286,0
2015-02-24,46.63,46.995,46.58,46.725,3168944,0
2015-02-25,46.65,47.415,46.625,47.13,4060330,0
2015-02-26,47.15,47.41125,47.04,47.275,3408176,0
2015-02-27,47.395,47.4,46.635,46.7425,4329202,0
2015-03-02,46.665,47.275,46.665,47.1125,3973509,0
2015-03-03,47.05,47.105,46.6,47.0,3789187,0
2015-03-04,46.905,47.095,46.005,46.53,3887267,0
2015-03-05,46.64,46.98,46.5303,46.815,2924375,0
2015-03-06,46.65,46.8475,45.94,46.1075,3407207,0
2015-03-09,46.195,46.565,46.045,46.52,2992440,0
2015-03-10,46.08,46.45495,45.885,46.09,3038492,0
2015-03-11,46.06,46.49,45.61,45.71,4092947,0
2015-03-12,45.985,46.765,45.92,46.69,3647672,0
2015-03-13,46.34,47.185,46.34,46.645,2917626,0
2015-03-16,47.0,47.31,46.87,47.0225,3386303,0
2015-03-17,46.88,47.24,46.8,47.1925,2754398,0
2015-03-18,47.0,48.285,46.675,47.92,7714964,0
2015-03-19,48.38,49.6,48.19,48.88,11010309,0
2015-03-20,49.245,49.45,48.505,48.73,8680306,0
2015-03-23,48.94,48.95,48.355,48.685,3992993,0
2015-03-24,48.555,49.165,48.38,48.9575,3859244,0
2015-03-25,49.07,49.24,47.885,47.885,4953585,0
2015-03-26,47.675,47.875,46.83,47.54,5172152,0
2015-03-27,47.5,47.975,47.375,47.535,3996675,0
2015-03-30,48.02,48.25,47.75,47.99,3415135,0
2015-03-31,47.835,48.1,47.345,47.35,4358877,0
2015-04-01,47.14,47.25,46.28,46.51,7062675,0
2015-04-02,46.71,47.3175,46.61,47.195,4431509,0
2015-04-06,46.925,47.4,46.725,47.26,3029447,0
2015-04-07,47.205,47.47995,46.98,47.035,2677335,0
2015-04-08,46.92,47.64,46.92,47.615,3413944,0
2015-04-09,47.65,47.99,47.25,47.96,7109621,0
2015-04-10,48.6,48.6,47.88,48.17,6643106,0
2015-04-13,48.56,48.89,48.38,48.5,8171030,0
2015-04-14,48.52,48.71,47.97,48.3,5952424,0
2015-04-15,48.81,48.81,48.13,48.14,5162169,0
2015-04-16,48.23,48.48,48.16,48.245,5312499,0
2015-04-17,47.9,48.0,47.39,47.62,7539865,0
2015-04-20,47.9,48.12,47.7,47.97,4868425,0
2015-04-21,48.35,48.4799,48.02,48.37,6213360,0
2015-04-22,48.5,48.6,47.98,48.335,7248119,0
2015-04-23,48.55,49.7,48.28,49.43,15866051,0
2015-04-24,51.32,52.09,50.62,51.84,22284881,0
2015-04-27,51.81,51.94,50.76,50.87,11222608,0
2015-04-28,50.6,50.8,49.9801,50.61,8882901,0
2015-04-29,50.42,50.95,50.2,50.65,7161992,0
2015-04-30,50.63,50.68,49.43,49.58,8492048,0
2015-05-01,49.95,50.42,49.68,50.29,5916509,0
2015-05-04,50.3,50.93,50.27,50.445,7493420,0
2015-05-05,49.94,50.05,49.36,49.405,10691207,0
2015-05-06,49.68,49.7,48.57,48.93,8033489,0
2015-05-07,48.74,49.55,48.72,49.35,5681417,0
2015-05-08,49.99,50.4265,49.46,49.78,6039840,0
2015-05-11,49.71,50.22,49.38,49.5,5047180,0
2015-05-12,49.15,49.99,49.0,49.71,5868552,0
2015-05-13,49.85,50.15,49.425,49.59,4927094,0
2015-05-14,49.98,50.59,49.67,50.555,7339742,0
2015-05-15,50.79,50.85,50.39,50.8,6016694,0
2015-05-18,50.65,51.29,50.56,51.18,8999761,0
2015-05-19,51.48,51.715,50.96,51.42,6976052,0
2015-05-20,51.31,51.44,50.43,51.03,5644662,0
2015-05-21,50.94,51.45,50.78,51.33,5084042,0
2015-05-22,51.33,51.65,51.21,51.48,5857672,0
2015-05-26,51.38,51.78,50.66,50.84,7369923,0
2015-05-27,51.04,51.7,50.91,51.59,6213573,0
2015-05-28,51.84,51.94,51.445,51.81,5874382,0
2015-05-29,51.95,52.23,51.45,51.96,9399112,0
2015-06-01,51.96,52.46,51.67,52.22,7075082,0
2015-06-02,51.98,52.3,51.66,51.73,7877799,0
2015-06-03,52.0,52.27,51.67,52.12,5522702,0
2015-06-04,51.87,52.18,51.57,51.72,6230805,0
2015-06-05,51.57,52.44,51.27,52.19,7123248,0
2015-06-08,52.0,52.23,51.49,51.53,6320181,0
2015-06-09,51.35,51.7,51.1,51.54,5034038,0
2015-06-10,51.8,52.86,51.66,52.69,8003611,0
2015-06-11,52.81,53.0,52.44,52.49,6030167,0
2015-06-12,52.41,52.74,52.16,52.63,5236747,0
2015-06-15,52.23,52.46,52.01,52.27,5554964,0
2015-06-16,52.27,53.14,52.2,52.965,6106529,0
2015-06-17,53.09,53.47,52.72,53.24,6735294,0
2015-06-18,53.5,54.28,53.4,54.11,10712142,0
2015-06-19,54.08,54.44,53.84,53.93,10609714,0
2015-06-22,54.325,54.43,53.88,53.9,7100665,0
2015-06-23,54.04,54.18,53.72,54.115,5679984,0
2015-06-24,53.75,53.97,53.5194,53.71,5524969,0
2015-06-25,54.09,54.45,54.0,54.07,5389863,0
2015-06-26,54.46,54.75,54.3,54.62,6637183,0
2015-06-29,53.87,54.39,53.5144,53.55,6534077,0
2015-06-30,54.15,54.3,53.14,53.615,9793969,0
2015-07-01,53.86,54.21,53.6,53.89,6107698,0
2015-07-02,54.03,54.7,53.9501,54.24,5684667,0
2015-07-06,53.64,54.405,53.63,54.305,5396439,0
2015-07-07,54.29,54.54,53.36,54.375,9462256,0
2015-07-08,53.86,54.02,53.3101,53.39,8139303,0
2015-07-09,54.07,54.5,53.88,54.05,7681013,0
2015-07-10,54.54,54.732,54.18,54.57,8087800,0
2015-07-13,55.0,55.89,54.9,55.7,7477170,0
2015-07-14,55.96,56.06,55.52,55.75,7028025,0
2015-07-15,55.92,55.95,55.285,55.34,8212573,0
2015-07-16,56.06,56.16,55.66,55.74,7305520,0
2015-07-17,55.9,55.9,55.37,55.69,8715431,0
2015-07-20,55.73,56.74,55.7,56.21,8029646,0
2015-07-21,56.38,56.47,55.78,56.2,6717452,0
2015-07-22,56.43,56.87,56.25,56.69,6876059,0
2015-07-23,56.98,57.0,56.16,56.56,12439229,0
2015-07-24,59.12,59.31,57.15,57.29,14559687,0
2015-07-27,57.21,57.47,56.85,56.98,8993523,0
2015-07-28,57.39,57.4,56.56,57.14,8689215,0
2015-07-29,57.38,57.8,57.14,57.51,8470512,0
2015-07-30,57.3,58.15,57.01,58.06,7337948,0
2015-07-31,58.44,58.44,57.73,57.93,6519528,0
2015-08-03,58.62,58.96,58.0386,58.19,7664002,0
2015-08-04,58.25,58.72,58.03,58.7,9113083,0
2015-08-05,59.15,59.3198,58.83,59.01,7349063,0
2015-08-06,59.13,59.2,57.09,57.23,11064470,0
2015-08-07,57.33,57.36,56.51,57.2,7781995,0
2015-08-10,57.29,57.626000000000005,55.75,56.27,12029150,0
2015-08-11,55.79,56.435,55.24,56.35,8062553,0
2015-08-12,55.69,56.4,54.95,56.38,10075571,0
2015-08-13,56.52,57.25,56.51,56.85,6731474,0
2015-08-14,56.95,57.12,56.66,57.1,4803903,0
2015-08-17,57.0,57.76,56.73,57.74,5768362,0
2015-08-18,57.96,58.06,57.66,57.83,5575441,0
2015-08-19,57.58,58.08,57.115,57.59,6044193,0
2015-08-20,57.0,57.15,55.77,55.81,7470885,0
2015-08-21,54.72,54.86,52.601000000000006,52.84,20211503,0
2015-08-24,48.05,52.67,42.05,50.34,27158813,0
2015-08-25,52.96,53.61,51.05,51.09,19659002,0
2015-08-26,52.99,54.15,51.27,53.96,15517591,0
2015-08-27,54.76,56.21,54.41,55.95,15987923,0
2015-08-28,55.7,56.31,55.2,55.63,7584826,0
2015-08-31,55.19,55.47,54.5,54.71,7971204,0
2015-09-01,53.0,54.36,52.74,53.5,13424932,0
2015-09-02,54.5,55.29,53.751000000000005,55.26,9891071,0
2015-09-03,55.72,55.76,54.475,54.69,7968868,0
2015-09-04,53.87,54.57,53.84,54.28,6994267,0
2015-09-08,55.31,55.45,54.53,55.21,8051710,0
2015-09-09,55.9,56.0,54.57,54.69,8406656,0
2015-09-10,54.34,55.69,54.33,55.37,8924778,0
2015-09-11,55.19,56.54,55.03,56.53,8363110,0
2015-09-14,56.54,56.91,56.05,56.29,5464463,0
2015-09-15,56.43,57.21,56.115,56.91,6741341,0
2015-09-16,56.83,57.35,56.21,57.26,6593362,0
2015-09-17,57.32,58.1,57.04,57.28,7525349,0
2015-09-18,56.49,57.63,56.28,56.84,16268035,0
2015-09-21,57.2,57.84,56.96,57.54,6220131,0
2015-09-22,56.85,57.25,56.7,57.12,8585093,0
2015-09-23,57.16,57.93,57.05,57.79,6829205,0
2015-09-24,57.38,58.54,57.17,58.37,10027330,0
2015-09-25,58.92,58.96,57.74,57.99,10627026,0
2015-09-28,58.01,58.43,55.6201,55.77,11548114,0
2015-09-29,55.85,56.3,54.81,55.72,9392065,0
2015-09-30,56.4,56.9,55.61,56.84,9799610,0
2015-10-01,56.99,57.5,55.89,57.48,8497124,0
2015-10-02,56.99,58.09,56.5406,58.08,9036765,0
2015-10-05,58.49,59.18,58.07,59.04,8198998,0
2015-10-06,58.82,59.14,58.22,58.69,5642949,0
2015-10-07,58.62,58.83,57.9,58.78,8138313,0
2015-10-08,58.78,59.71,58.39,59.46,6834836,0
2015-10-09,59.47,60.11,59.3,60.07,7969884,0
2015-10-12,60.35,60.89,60.04,60.54,6430301,0
2015-10-13,60.34,60.745,60.0161,60.16,6262774,0
2015-10-14,60.0,60.17,58.43,58.82,8365604,0
2015-10-15,58.95,59.83,58.08,59.69,9745919,0
2015-10-16,59.96,60.29,59.455,59.93,12860812,0
2015-10-19,60.13,61.29,59.8745,60.97,8117213,0
2015-10-20,61.22,61.36,60.56,60.88,6089097,0
2015-10-21,61.07,61.12,60.16,60.53,6063923,0
2015-10-22,60.96,61.7099,60.17,61.49,9182031,0
2015-10-23,62.11,62.8,61.6201,62.61,8205994,0
2015-10-26,62.98,63.84,62.97,63.43,9751716,0
2015-10-27,63.37,63.41,62.19,62.71,8973243,0
2015-10-28,63.11,63.52,62.42,63.51,9627260,0
2015-10-29,63.42,63.5,61.713,62.5,14839093,0
2015-10-30,63.69,64.0,62.26,62.57,16822302,0
2015-11-02,63.01,63.1,62.12,62.24,8547237,0
2015-11-03,62.0,62.975,61.65,62.8,8847718,0
2015-11-04,63.0355,63.0355,61.34,61.96,9085091,0
2015-11-05,62.17,62.46,62.01,62.28,6144979,0
2015-11-06,62.05,62.24,61.61,61.97,6616305,0
2015-11-09,61.75,61.97,60.86,61.34,6838326,0
2015-11-10,61.54,62.32,61.21,62.18,6689040,0
2015-11-11,62.55,62.57,61.81,61.87,4437315,0
2015-11-12,61.34,61.65,60.75,61.07,6793779,0
2015-11-13,60.89,61.345,59.61,59.74,8821593,0
2015-11-16,59.5,60.69,59.5,60.68,8096603,0
2015-11-17,60.95,61.56,60.435,60.55,6695251,0
2015-11-18,60.66,61.865,60.33,61.8,7215255,0
2015-11-19,61.8,61.93,61.39,61.46,5154366,0
2015-11-20,61.96,62.15,61.58,61.99,8302476,0
2015-11-23,62.14,63.19,62.1,62.64,8493485,0
2015-11-24,62.06,62.37,61.2199,61.96,7908223,0
2015-11-25,62.05,62.5,62.0,62.19,4549913,0
2015-11-27,62.19,62.38,61.93,62.18,2447902,0
2015-11-30,62.1,62.29,61.201,61.39,9863771,0
2015-12-01,61.08,61.68,60.51,61.37,10910838,0
2015-12-02,61.63,61.71,61.115,61.22,6587454,0
2015-12-03,61.37,61.4468,59.15,59.55,12056103,0
2015-12-04,59.86,61.87,59.6,61.75,9100588,0
2015-12-07,61.75,61.95,61.44,61.89,5967809,0
2015-12-08,61.69,62.43,61.52,62.16,6664947,0
2015-12-09,61.71,62.538999999999994,60.82,61.18,8541573,0
2015-12-10,61.13,62.14,61.01,61.87,6623896,0
2015-12-11,60.86,61.19,59.6,59.82,11489255,0
2015-12-14,60.04,60.14,58.61,59.92,13453719,0
2015-12-15,60.55,60.68,59.97,59.98,7842073,0
2015-12-16,60.32,60.5,59.51,60.35,9281835,0
2015-12-17,60.66,60.83,59.47,59.515,9079430,0
2015-12-18,59.2,59.5,58.27,58.62,18099462,0
2015-12-21,58.89,59.615,58.66,59.54,7187470,0
2015-12-22,59.94,60.07,59.275,59.99,6501424,0
2015-12-23,60.26,60.37,59.96,60.34,4510229,0
2015-12-24,60.37,60.51,60.17,60.32,2215418,0
2015-12-28,60.02,60.33,59.58,60.19,4437236,0
2015-12-29,60.46,61.32,60.35,61.13,5477335,0
2015-12-30,61.22,61.4,60.75,60.82,3973912,0
2015-12-31,60.65,60.81,60.02,60.03,4960875,0
2016-01-04,58.77,58.83,57.6,58.26,13521544,0
2016-01-05,58.79,58.79,57.98,58.65,9617778,0
2016-01-06,57.7,58.53,57.64,58.13,8266322,0
2016-01-07,56.88,57.91,56.16,56.69,11140877,0
2016-01-08,57.41,57.73,56.53,56.63,10427021,0
2016-01-11,57.0,58.12,56.78,57.82,10757313,0
2016-01-12,58.39,59.53,58.18,59.46,12375826,0
2016-01-13,59.8,60.0,57.8001,57.87,11303603,0
2016-01-14,57.51,59.43,56.92100000000001,58.98,11444106,0
2016-01-15,57.07,58.39,56.75,58.0,15246127,0
2016-01-19,58.67,59.39,58.12,58.55,12288950,0
2016-01-20,57.57,57.96,54.94,56.92,22786359,0
2016-01-21,57.84,59.38,57.67,59.03,20888519,0
2016-01-22,57.55,59.4,57.41,59.17,32820193,0
2016-01-25,59.36,59.38,57.61,57.71,13554262,0
2016-01-26,57.92,58.865,57.8,58.61,8898100,0
2016-01-27,58.87,58.96,57.255,57.63,12491252,0
2016-01-28,58.29,59.42,58.0,59.285,11832368,0
2016-01-29,59.78,60.88,59.64,60.77,13224438,0
2016-02-01,60.66,61.785,60.27,61.4,9529094,0
2016-02-02,60.66,60.9,60.18,60.695,9407352,0
2016-02-03,60.88,61.13,58.5,59.53,12254460,0
2016-02-04,59.41,59.4487,57.99,58.29,13944926,0
2016-02-05,58.1,58.2,54.25,54.49,24529008,0
2016-02-08,53.09,54.47,52.63,54.14,21457492,0
2016-02-09,53.19,55.2886,53.17,54.42,11605059,0
2016-02-10,55.28,56.35,55.01,55.14,11663942,0
2016-02-11,53.89,55.39,53.55,54.92,12106062,0
2016-02-12,55.56,56.04,55.04,55.86,8680205,0
2016-02-16,56.79,56.85,55.98,56.41,11594766,0
2016-02-17,56.7,57.66,56.16,57.63,11955188,0
2016-02-18,57.57,57.57,56.67,56.96,8493953,0
2016-02-19,56.92,57.86,56.52,57.67,9033620,0
2016-02-22,58.63,58.95,58.17,58.87,8390689,0
2016-02-23,58.45,58.9,58.0,58.46,7064095,0
2016-02-24,57.21,58.35,56.28,58.11,10780882,0
2016-02-25,58.46,58.75,58.0,58.75,6262127,0
2016-02-26,59.0,59.21,57.92,58.34,7473374,0
2016-02-29,58.25,59.15,58.1,58.21,7645081,0
2016-03-01,58.77,60.2,58.5,60.04,9183562,0
2016-03-02,59.83,60.0,58.83,59.56,8856392,0
2016-03-03,59.12,59.2,58.2,59.04,8262455,0
2016-03-04,59.14,59.19,58.23,58.7,8344773,0
2016-03-07,58.44,58.67,57.31,58.0,9204624,0
2016-03-08,57.58,58.23,57.26,57.6,8127426,0
2016-03-09,57.78,57.97,56.79,57.07,9734589,0
2016-03-10,57.51,57.86,56.92,57.52,7023785,0
2016-03-11,58.1,58.1,56.57,57.59,15497560,0
2016-03-14,57.58,58.78,57.5,58.65,9053250,0
2016-03-15,58.32,59.1566,58.17,59.08,7428469,0
2016-03-16,58.65,59.82,58.65,59.67,8069427,0
2016-03-17,59.47,59.98,59.37,59.55,7734658,0
2016-03-18,59.91,60.45,59.4295,59.7,14313578,0
2016-03-21,59.56,59.8609,59.015,59.1,6487185,0
2016-03-22,59.0,59.55,58.57,59.38,8246837,0
2016-03-23,59.14,59.395,58.69,58.83,5794495,0
2016-03-24,58.7,58.79,58.28,58.36,5948307,0
2016-03-28,58.56,59.47,58.4,58.96,5791603,0
2016-03-29,58.82,59.735,58.82,59.55,6031947,0
2016-03-30,60.0,60.26,59.51,60.01,5723499,0
2016-03-31,59.77,60.21,59.68,59.7,5622834,0
2016-04-01,59.61,61.17,59.41,61.02,9401126,0
2016-04-04,61.1,61.1839,60.08,60.25,5799864,0
2016-04-05,59.88,60.23,59.44,60.04,4994792,0
2016-04-06,60.02,60.91,59.91,60.83,5667253,0
2016-04-07,60.59,61.54,60.54,61.17,8239174,0
2016-04-08,61.5,61.64,60.7,61.04,5064894,0
2016-04-11,61.22,61.5,60.78,60.9,6103358,0
2016-04-12,58.95,59.68,58.37,59.5,17565750,0
2016-04-13,60.32,61.08,59.75,60.21,9898527,0
2016-04-14,60.26,60.4,59.91,60.13,5157368,0
2016-04-15,60.24,60.6246,60.01,60.51,5965310,0
2016-04-18,60.69,61.07,60.355,60.89,7228573,0
2016-04-19,61.16,61.25,60.48,60.9,7283570,0
2016-04-20,61.04,61.43,60.85,60.9,5558770,0
2016-04-21,60.9,61.1,60.48,60.64,12799083,0
2016-04-22,59.01,59.1,57.03,57.68,29836693,0
2016-04-25,57.62,57.96,57.58,57.77,8428038,0
2016-04-26,58.05,58.67,57.56,57.72,8839067,0
2016-04-27,57.51,57.65,56.62,56.9,12390767,0
2016-04-28,56.59,57.36,56.32,56.42,9196560,0
2016-04-29,56.02,56.43,55.29,56.23,12133364,0
2016-05-02,56.29,57.37,56.11,57.36,8616189,0
2016-05-03,56.7,57.059,56.14,56.25,7854260,0
2016-05-04,55.98,56.65,55.8,56.39,6508507,0
2016-05-05,56.37,56.77,56.01,56.25,6215367,0
2016-05-06,55.96,56.32,55.38,56.31,6378690,0
2016-05-09,56.32,56.93,56.23,56.64,5976229,0
2016-05-10,56.85,57.6,56.71,57.49,7931185,0
2016-05-11,57.13,57.39,56.09,56.23,8118920,0
2016-05-12,56.57,56.79,55.82,56.3,6870281,0
2016-05-13,56.43,56.6,55.73,55.82,5466041,0
2016-05-16,55.7,55.77,55.2,55.53,9536192,0
2016-05-17,55.38,55.64,54.51,54.88,10530018,0
2016-05-18,54.76,55.17,54.38,54.8,7468496,0
2016-05-19,54.43,54.615,54.19,54.55,7582848,0
2016-05-20,54.88,55.3736,54.58,54.62,8430783,0
2016-05-23,54.62,54.8171,54.291000000000004,54.6,7352054,0
2016-05-24,54.74,55.62,54.68,55.44,7748697,0
2016-05-25,55.2,55.46,54.95,55.15,8126058,0
2016-05-26,55.55,55.8699,54.95,55.29,9451708,0
2016-05-27,55.36,55.55,55.1,55.15,6631120,0
2016-05-31,55.5,55.5,54.7,54.89,12043976,0
2016-06-01,54.76,55.49,54.72,54.82,8761577,0
2016-06-02,54.9,55.0,54.455,54.62,8307488,0
2016-06-03,54.71,55.08,54.4,54.61,6649224,0
2016-06-06,54.72,55.87,54.69,55.59,9900917,0
2016-06-07,55.65,56.1,55.28,55.3,7173072,0
2016-06-08,55.5,55.5,54.9,55.22,7623851,0
2016-06-09,55.15,55.61,55.06,55.58,5927854,0
2016-06-10,54.92,55.2,54.5,54.865,8118651,0
2016-06-13,54.79,55.6,54.76,55.04,7928722,0
2016-06-14,55.05,55.58,55.0101,55.57,8036517,0
2016-06-15,55.64,56.09,55.27,55.35,7447317,0
2016-06-16,54.9,55.59,54.41,55.53,7968033,0
2016-06-17,55.61,55.62,55.04,55.31,9503017,0
2016-06-20,55.77,56.28,55.38,55.38,7286681,0
2016-06-21,55.52,56.03,55.45,55.81,7445109,0
2016-06-22,55.88,55.98,55.49,55.61,7215411,0
2016-06-23,55.98,56.195,55.9,56.13,5569431,0
2016-06-24,54.05,55.57,54.01,54.68,14654672,0
2016-06-27,54.2,54.48,53.41,53.69,11650798,0
2016-06-28,54.1,54.9,53.95,54.85,8416950,0
2016-06-29,55.42,56.945,55.36,56.74,11103787,0
2016-06-30,56.81,57.19,56.516000000000005,57.12,10215193,0
2016-07-01,57.04,57.36,56.845,56.99,8330308,0
2016-07-05,56.81,56.96,56.55,56.77,7274208,0
2016-07-06,56.52,57.11,56.32,56.75,8474188,0
2016-07-07,56.66,57.0,56.47,56.91,6813347,0
2016-07-08,56.92,57.0,56.36,56.51,12655500,0
2016-07-11,56.8,56.92,56.06,56.32,10394366,0
2016-07-12,56.65,57.6,56.505,57.48,10998486,0
2016-07-13,56.8,57.26,56.35,56.48,12183638,0
2016-07-14,57.0,57.68,56.97,57.59,11353599,0
2016-07-15,57.69,57.74,57.125,57.41,8494000,0
2016-07-18,57.59,57.59,56.85,56.92,7614635,0
2016-07-19,56.85,57.135,56.545,56.76,8719772,0
2016-07-20,57.0,57.66,56.705,57.54,9446396,0
2016-07-21,57.62,57.67,57.0375,57.6,16151699,0
2016-07-22,57.6,58.24,57.2,57.9,23899275,0
2016-07-25,57.72,58.09,57.5,57.95,10486019,0
2016-07-26,58.58,58.84,58.2,58.31,10106663,0
2016-07-27,58.38,58.4,57.67,57.85,6551777,0
2016-07-28,57.88,58.31,57.74,58.21,6830059,0
2016-07-29,58.18,58.43,57.92,58.05,6914907,0
2016-08-01,58.0,58.05,57.43,57.63,7997576,0
2016-08-02,57.25,57.34,56.54,56.73,7574622,0
2016-08-03,56.46,56.59,55.72,55.94,11484792,0
2016-08-04,56.05,56.29,55.38,55.42,11193748,0
2016-08-05,55.8,56.12,55.52,55.9,9206197,0
2016-08-08,55.97,55.99,55.17,55.36,9129307,0
2016-08-09,55.39,55.71,55.18,55.2,7136683,0
2016-08-10,55.37,55.71,55.11,55.62,6991077,0
2016-08-11,55.75,55.96,55.46,55.47,6191412,0
2016-08-12,55.27,55.745,55.23,55.47,5039757,0
2016-08-15,55.65,55.7,55.18,55.25,5968728,0
2016-08-16,55.25,55.57,54.92,55.37,5751178,0
2016-08-17,55.77,55.92,55.43,55.8,7410631,0
2016-08-18,55.78,55.9,55.49,55.53,5390990,0
2016-08-19,55.46,55.56,54.85,54.94,8981214,0
2016-08-22,54.98,55.92,54.95,55.85,8837808,0
2016-08-23,56.17,56.54,56.0,56.4,7827873,0
2016-08-24,57.0,57.98,56.95,57.09,13200460,0
2016-08-25,57.04,57.45,56.9,57.29,6686589,0
2016-08-26,57.48,57.83,56.995,57.29,6940511,0
2016-08-29,57.22,57.48,56.61,56.8,7026700,0
2016-08-30,56.66,56.75,56.01,56.4,6377668,0
2016-08-31,56.31,56.42,55.905,56.23,6996894,0
2016-09-01,56.3,56.56,55.83,56.31,6230148,0
2016-09-02,56.52,56.65,55.985,56.18,7441463,0
2016-09-06,56.18,56.42,55.69,56.02,6472907,0
2016-09-07,56.19,56.6,56.12,56.32,11428644,0
2016-09-08,56.1,56.15,55.2,55.3,12673626,0
2016-09-09,55.14,55.2,54.3,54.35,10658120,0
2016-09-12,53.92,54.79,53.92,54.71,11002544,0
2016-09-13,54.39,54.55,53.75,53.98,10050215,0
2016-09-14,54.26,54.35,53.8,53.9,6707850,0
2016-09-15,53.96,54.13,53.54,54.11,8080426,0
2016-09-16,53.94,54.09,53.41,53.74,10207750,0
2016-09-19,53.96,53.9739,52.9,53.01,9231628,0
2016-09-20,53.4,53.435,53.05,53.3,8731499,0
2016-09-21,53.43,54.03,53.28,53.98,9213637,0
2016-09-22,54.2,54.6,53.965,54.39,9096709,0
2016-09-23,54.0,54.56,54.0,54.43,6945147,0
2016-09-26,54.28,54.34,53.86,54.04,7755629,0
2016-09-27,54.0,54.21,53.82,54.19,6463747,0
2016-09-28,53.88,54.08,53.53,53.98,8593496,0
2016-09-29,53.88,53.995,52.91,53.45,11993517,0
2016-09-30,53.65,54.385,53.56,54.14,13767754,0
2016-10-03,54.1,54.15,53.665,53.84,5479037,0
2016-10-04,54.13,54.13,53.41,53.53,6176358,0
2016-10-05,53.5,53.76,53.275,53.35,7451916,0
2016-10-06,53.3,53.48,53.03,53.14,6130270,0
2016-10-07,53.37,53.605,53.0,53.46,7279723,0
2016-10-10,53.53,53.6,53.27,53.3,7224335,0
2016-10-11,53.13,53.4,52.74,52.92,9720407,0
2016-10-12,53.01,53.47,52.78,53.16,6320462,0
2016-10-13,52.88,53.13,52.6662,52.95,6958128,0
2016-10-14,53.12,53.37,52.96,53.08,6430136,0
2016-10-17,52.94,53.145,52.69,52.76,5223526,0
2016-10-18,53.24,53.3197,52.59,52.61,6550399,0
2016-10-19,52.91,53.74,52.9,53.15,9095261,0
2016-10-20,53.36,53.74,52.91,53.59,9286800,0
2016-10-21,53.42,53.7,53.25,53.63,6767204,0
2016-10-24,53.9,54.46,53.8939,54.18,6919714,0
2016-10-25,54.1,54.17,53.5,53.67,6052830,0
2016-10-26,53.6,53.84,53.355,53.63,5817798,0
2016-10-27,53.6,53.83,53.13,53.59,7899957,0
2016-10-28,53.65,53.84,53.11,53.53,6620333,0
2016-10-31,53.7,53.7,53.055,53.07,9142509,0
2016-11-01,53.14,53.21,52.085,52.5,15425819,0
2016-11-02,52.34,53.46,52.31,52.98,10851658,0
2016-11-03,52.99,53.0,51.34,51.77,21847292,0
2016-11-04,51.43,53.74,50.84,52.75,21956848,0
2016-11-07,53.5,54.68,53.19,54.49,14916848,0
2016-11-08,54.4,54.79,54.115,54.62,9351994,0
2016-11-09,53.2,54.82,52.8,54.58,13727777,0
2016-11-10,54.64,54.817,53.51,53.57,13621701,0
2016-11-11,53.43,53.99,53.25,53.93,8436435,0
2016-11-14,53.93,54.47,53.5,54.22,10489826,0
2016-11-15,54.09,54.69,53.9,54.59,9588036,0
2016-11-16,54.33,55.52,54.26,55.44,10779155,0
2016-11-17,55.215,55.9,55.06,55.85,8744504,0
2016-11-18,55.72,56.12,55.42,55.77,8740953,0
2016-11-21,55.51,56.16,55.51,56.1,8004000,0
2016-11-22,56.32,57.15,55.88,57.12,10268720,0
2016-11-23,56.91,57.64,56.9,57.59,8183628,0
2016-11-25,57.7,57.7,57.255,57.43,3228848,0
2016-11-28,57.0,57.86,56.76,57.59,8750925,0
2016-11-29,57.64,58.21,57.5,58.17,10582850,0
2016-11-30,58.19,58.25,57.86,57.97,9527959,0
2016-12-01,57.34,58.52,57.2,58.51,12381607,0
2016-12-02,56.648999999999994,57.75,56.57,57.21,16869957,0
2016-12-05,56.96,57.84,56.96,57.5,7701167,0
2016-12-06,57.66,57.7,57.14,57.44,7035674,0
2016-12-07,57.54,58.85,57.45,58.76,9094812,0
2016-12-08,59.0,59.25,58.4118,58.65,7972498,0
2016-12-09,58.92,58.95,58.43,58.75,7091577,0
2016-12-12,58.54,58.79,58.34,58.77,7736198,0
2016-12-13,58.99,59.54,58.66,59.31,8878080,0
2016-12-14,59.03,59.25,58.6,58.75,9022867,0
2016-12-15,57.9675,58.21,57.52,57.71,11837756,0
2016-12-16,58.01,58.07,57.56,57.66,10611461,0
2016-12-19,57.44,57.98,57.44,57.65,6433824,0
2016-12-20,57.81,58.06,57.32,57.7,4888284,0
2016-12-21,57.5,57.87,57.41,57.44,5380537,0
2016-12-22,57.31,57.4,56.72,57.11,6777656,0
2016-12-23,57.29,57.36,56.89,57.01,4298476,0
2016-12-27,56.99,57.3869,56.81,56.86,4186157,0
2016-12-28,56.8,56.9,56.25,56.35,5548726,0
2016-12-29,56.35,56.47,56.135,56.32,3781721,0
2016-12-30,56.28,56.45,55.4,55.52,8344508,0
2017-01-03,55.91,55.95,55.04,55.35,7809307,0
2017-01-04,55.56,56.195,55.38,55.99,7796290,0
2017-01-05,56.08,56.53,55.8099,56.46,7602321,0
2017-01-06,56.63,57.27,56.08,57.13,8587812,0
2017-01-09,57.26,58.335,57.25,58.2,12640515,0
2017-01-10,58.22,58.26,57.83,57.88,6672024,0
2017-01-11,57.8,58.12,57.59,58.1,6027960,0
2017-01-12,58.0,58.13,57.64,58.03,4733015,0
2017-01-13,58.03,58.1,57.65,57.85,4745840,0
2017-01-17,57.62,58.25,57.41,58.0,5734666,0
2017-01-18,58.32,58.58,58.03,58.45,7375725,0
2017-01-19,58.31,58.45,57.715,57.89,7850480,0
2017-01-20,58.14,58.2,57.41,57.66,7651562,0
2017-01-23,57.42,57.9,57.15,57.76,6814368,0
2017-01-24,57.93,58.5,57.76,58.44,10704103,0
2017-01-25,58.67,58.93,58.45,58.7,7124547,0
2017-01-26,58.7,59.0,58.26,58.46,12382416,0
2017-01-27,55.75,56.59,55.65,56.12,28884899,0
2017-01-30,56.0,56.24,55.58,55.9,13322010,0
2017-01-31,55.8,55.87,54.88,55.22,14307985,0
2017-02-01,55.49,55.5,53.81,53.9,18796871,0
2017-02-02,54.04,54.39,53.85,53.87,15289650,0
2017-02-03,54.21,55.1,54.01,55.06,14161693,0
2017-02-06,55.01,55.75,54.9,55.73,13029829,0
2017-02-07,55.79,55.84,55.1801,55.24,9910498,0
2017-02-08,55.19,55.4957,55.1,55.22,11681938,0
2017-02-09,55.23,56.12,55.21,55.81,11106757,0
2017-02-10,55.73,56.395,55.56,56.22,11178950,0
2017-02-13,56.5,56.66,56.03,56.11,8027939,0
2017-02-14,56.02,56.61,56.02,56.58,8865947,0
2017-02-15,56.56,56.88,56.305,56.86,6967179,0
2017-02-16,56.96,56.99,56.53,56.73,8524519,0
2017-02-17,56.8,57.57,56.71,57.35,11008366,0
2017-02-21,57.41,57.81,57.4,57.54,8289185,0
2017-02-22,57.52,57.85,57.35,57.57,7876599,0
2017-02-23,57.6,57.79,57.39,57.64,7178627,0
2017-02-24,57.61,57.71,57.145,57.48,7806190,0
2017-02-27,57.24,57.3,56.66,56.78,7702400,0
2017-02-28,56.71,57.06,56.55,56.87,8750655,0
2017-03-01,57.27,57.4,56.94,57.14,7197973,0
2017-03-02,57.07,57.19,56.85,57.12,6595418,0
2017-03-03,56.7,57.26,56.7,57.1,7738064,0
2017-03-06,56.78,56.81,56.33,56.68,9159983,0
2017-03-07,56.58,56.75,56.02,56.2,10890313,0
2017-03-08,56.15,56.35,55.54,55.74,13061632,0
2017-03-09,55.75,55.8,54.81,55.19,17844248,0
2017-03-10,55.39,55.4,54.415,54.53,13886431,0
2017-03-13,54.57,54.8847,54.4,54.63,9090230,0
2017-03-14,54.62,54.74,54.19,54.27,7892888,0
2017-03-15,54.39,54.65,54.09,54.54,8712006,0
2017-03-16,54.85,54.985,54.66,54.8,8074278,0
2017-03-17,55.04,56.13,54.95,55.78,15822141,0
2017-03-20,55.87,56.05,55.51,55.81,7948425,0
2017-03-21,56.05,56.45,55.485,55.54,8030642,0
2017-03-22,55.68,56.04,55.51,55.89,8452070,0
2017-03-23,56.15,56.425,55.78,55.85,7357207,0
2017-03-24,56.11,57.38,55.9,56.81,15763000,0
2017-03-27,56.66,57.45,56.46,57.23,8861799,0
2017-03-28,57.1,57.52,57.025,57.35,8331644,0
2017-03-29,57.17,57.85,57.13,57.54,7001635,0
2017-03-30,57.45,58.3,57.42,58.16,8677916,0
2017-03-31,58.105,58.66,58.06,58.39,9156707,0
2017-04-03,58.28,58.47,57.89,58.44,8989831,0
2017-04-04,58.37,58.41,58.01,58.32,6474781,0
2017-04-05,57.96,59.27,57.81,58.22,13656221,0
2017-04-06,58.13,58.36,57.73,57.92,9112533,0
2017-04-07,57.8,58.25,57.55,58.02,6773752,0
2017-04-10,58.0,58.21,57.73,57.95,5266312,0
2017-04-11,57.84,58.16,57.38,57.88,5855091,0
2017-04-12,57.88,57.895,57.48,57.58,5450298,0
2017-04-13,57.61,57.79,57.45,57.51,4871717,0
2017-04-17,57.68,58.25,57.68,58.08,5626042,0
2017-04-18,57.59,58.48,57.59,58.35,5449699,0
2017-04-19,58.6,59.49,58.5,59.04,12000639,0
2017-04-20,59.71,60.335,59.56,60.08,12445862,0
2017-04-21,60.2,60.69,60.15,60.61,8799985,0
2017-04-24,61.0,61.38,60.89,61.11,10721276,0
2017-04-25,60.65,61.21,59.9237,60.96,11031475,0
2017-04-26,61.23,61.75,60.98,61.56,8525419,0
2017-04-27,61.63,61.94,61.19,61.3,15285342,0
2017-04-28,59.41,60.18,58.99,60.06,25046130,0
2017-05-01,60.0,60.6,59.7619,60.18,10910341,0
2017-05-02,60.15,60.52,60.04,60.5,9152088,0
2017-05-03,60.52,60.665,60.255,60.59,7706367,0
2017-05-04,60.65,60.85,60.39,60.83,6874286,0
2017-05-05,60.86,60.99,60.58,60.95,6443309,0
2017-05-08,61.07,61.07,60.7,60.94,5588371,0
2017-05-09,60.58,61.08,60.57,60.98,5806562,0
2017-05-10,60.88,60.98,60.21,60.66,7198414,0
2017-05-11,60.45,60.51,60.03,60.27,5516893,0
2017-05-12,60.28,60.34,59.83,59.93,5647531,0
2017-05-15,60.42,60.49,60.125,60.45,5904094,0
2017-05-16,60.68,60.7,59.88,59.98,6303480,0
2017-05-17,59.97,60.3239,59.55,59.73,7581230,0
2017-05-18,59.73,59.94,58.87,59.82,8602411,0
2017-05-19,59.94,61.92,59.94,61.36,12530995,0
2017-05-22,61.03,61.72,61.03,61.23,6392124,0
2017-05-23,61.4,61.5,60.86,61.15,5622524,0
2017-05-24,61.4,62.0,60.94,61.89,7283789,0
2017-05-25,62.01,63.11,61.9,62.9,8931804,0
2017-05-26,63.01,63.42,62.97,63.3,6097990,0
2017-05-30,63.07,63.41,63.01,63.26,7094586,0
2017-05-31,63.27,63.61,63.08,63.61,7314634,0
2017-06-01,63.51,63.82,63.35,63.75,6058263,0
2017-06-02,63.88,64.68,63.7,64.57,7840374,0
2017-06-05,64.85,64.87,64.18,64.27,6809284,0
2017-06-06,64.22,64.35,64.05,64.16,5448439,0
2017-06-07,64.13,64.295,63.34,63.5,8364994,0
2017-06-08,63.44,63.58,62.02,62.24,11289266,0
2017-06-09,62.37,62.48,61.8745,62.19,11240487,0
2017-06-12,61.8,61.99,60.63,61.29,11071593,0
2017-06-13,61.12,61.255,60.59,60.92,9384906,0
2017-06-14,60.67,60.82,59.86,60.27,9703332,0
2017-06-15,59.92,60.28,59.51,60.09,7515980,0
2017-06-16,59.89,60.16,59.47,60.14,11522438,0
2017-06-19,60.35,61.0,60.11,60.9,6778024,0
2017-06-20,60.98,61.0,59.7,59.86,6985666,0
2017-06-21,60.0,60.31,59.71,59.96,6027647,0
2017-06-22,60.09,60.1,59.4,59.51,5602002,0
2017-06-23,59.76,60.17,59.58,59.81,6469495,0
2017-06-26,60.02,60.15,59.33,59.64,5674637,0
2017-06-27,59.54,59.69,58.81,58.96,5652429,0
2017-06-28,59.06,59.25,58.8,59.18,5419169,0
2017-06-29,59.17,59.18,57.955,58.36,7421177,0
2017-06-30,58.68,58.95,58.29,58.31,8117066,0
2017-07-03,58.9,58.99,58.25,58.25,4575268,0
2017-07-05,58.43,58.5,57.8,57.94,7773566,0
2017-07-06,57.8,57.92,57.4,57.6,8886648,0
2017-07-07,57.79,58.36,57.54,58.04,7278250,0
2017-07-10,58.18,58.35,57.75,57.81,4832094,0
2017-07-11,57.91,58.08,57.53,57.9,5422330,0
2017-07-12,58.21,58.71,58.02,58.54,7141916,0
2017-07-13,58.8,58.87,58.12,58.38,8460245,0
2017-07-14,58.4,58.92,58.28,58.76,5441377,0
2017-07-17,58.73,58.87,58.28,58.33,6774471,0
2017-07-18,58.12,58.58,57.69,58.21,7857464,0
2017-07-19,58.15,58.41,57.9,58.11,8203557,0
2017-07-20,58.41,58.84,58.0,58.03,10546701,0
2017-07-21,57.92,58.26,57.83,57.98,6717235,0
2017-07-24,58.0,58.25,57.93,58.02,7442589,0
2017-07-25,58.215,58.84,57.98,58.55,7933137,0
2017-07-26,58.8,58.84,57.7847,57.94,8775889,0
2017-07-27,58.25,59.66,57.93,59.5,23286716,0
2017-07-28,55.23,55.96,53.41,54.0,53454789,0
2017-07-31,54.48,54.68,53.95,53.98,20299407,0
2017-08-01,54.57,54.79,53.97,54.73,18120912,0
2017-08-02,54.75,55.45,54.6702,55.43,14764854,0
2017-08-03,55.64,56.12,55.5,55.68,13331459,0
2017-08-04,55.97,56.05,55.09,55.44,9179779,0
2017-08-07,55.6,55.93,55.42,55.63,7253947,0
2017-08-08,55.55,55.58,54.36,54.52,11095259,0
2017-08-09,54.43,54.43,53.3,53.74,16717719,0
2017-08-10,53.52,53.7453,52.99,53.07,13235301,0
2017-08-11,53.05,53.4,53.05,53.18,9235033,0
2017-08-14,53.6,53.6,53.18,53.22,7426467,0
2017-08-15,53.41,53.42,52.89,53.15,6674597,0
2017-08-16,53.26,53.92,53.25,53.5,7667081,0
2017-08-17,53.32,53.78,52.99,53.04,7451679,0
2017-08-18,52.92,53.085,52.58,52.7,10370499,0
2017-08-21,53.14,53.52,52.8,53.15,12753196,0
2017-08-22,53.49,54.74,53.39,54.45,14547613,0
2017-08-23,53.96,54.1,53.65,54.08,11838533,0
2017-08-24,54.26,54.445,53.77,53.94,8716699,0
2017-08-25,54.62,54.69,54.19,54.36,8601120,0
2017-08-28,54.54,54.58,54.02,54.4,6643652,0
2017-08-29,54.04,54.29,54.0,54.1,6212403,0
2017-08-30,54.04,54.62,54.04,54.52,5596567,0
2017-08-31,54.68,54.99,54.57,54.86,8245287,0
2017-09-01,54.9,55.155,54.88,54.93,7696302,0
2017-09-05,54.95,55.2,54.6,55.13,9178048,0
2017-09-06,55.12,55.275,54.13,54.31,11372298,0
2017-09-07,54.42,54.675,53.25,53.47,13801890,0
2017-09-08,53.39,53.78,53.05,53.49,11774483,0
2017-09-11,53.79,54.13,53.61,54.02,9314079,0
2017-09-12,53.98,54.05,53.33,53.54,10339446,0
2017-09-13,53.55,54.72,53.4866,54.29,12787883,0
2017-09-14,54.38,54.71,54.1,54.53,8260770,0
2017-09-15,54.44,54.79,54.16,54.67,10744783,0
2017-09-18,54.8,54.97,54.57,54.69,6348360,0
2017-09-19,54.84,54.88,54.56,54.62,5187121,0
2017-09-20,54.58,55.18,54.58,55.15,7080035,0
2017-09-21,55.05,55.17,54.86,55.01,7178462,0
2017-09-22,55.05,55.2,54.86,55.09,6950029,0
2017-09-25,54.98,55.22,54.7,54.95,10242655,0
2017-09-26,55.06,55.22,54.795,55.13,8021851,0
2017-09-27,55.25,55.6,54.96,54.99,8671309,0
2017-09-28,54.81,55.08,54.45,54.5,7607473,0
2017-09-29,54.31,54.47,53.36,53.71,11944370,0
2017-10-02,53.86,54.04,53.75,53.81,5955980,0
2017-10-03,54.0,54.34,53.9,53.99,6137069,0
2017-10-04,54.12,54.2,53.69,53.93,5569058,0
2017-10-05,54.06,54.97,53.92,54.6,7994274,0
2017-10-06,54.51,55.45,54.245,55.17,10576278,0
2017-10-09,55.37,55.49,54.96,55.02,5822893,0
2017-10-10,55.1,55.8492,55.08,55.42,6573918,0
2017-10-11,55.46,55.8,55.26,55.64,8881897,0
2017-10-12,55.67,56.27,55.309,55.97,7234267,0
2017-10-13,56.0,56.43,55.61,55.72,6231132,0
2017-10-16,55.67,55.8,54.89,54.91,7256893,0
2017-10-17,54.86,55.23,54.29,54.51,11227337,0
2017-10-18,54.46,55.43,54.22,55.21,8299509,0
2017-10-19,55.08,55.5423,54.9,55.4,5720179,0
2017-10-20,55.31,55.4,54.175,54.57,11741092,0
2017-10-23,54.77,54.935,54.18,54.27,10111071,0
2017-10-24,54.37,54.56,54.02,54.28,7818490,0
2017-10-25,54.24,54.39,53.66,54.16,8281219,0
2017-10-26,54.5,55.75,54.5,54.91,12211440,0
2017-10-27,54.83,55.12,54.68,54.88,9922611,0
2017-10-30,54.79,55.23,54.4,55.17,6430949,0
2017-10-31,55.16,55.305,54.7,54.84,8857829,0
2017-11-01,55.1,55.59,54.94,55.13,7189764,0
2017-11-02,55.15,55.39,54.77,54.87,16879022,0
2017-11-03,54.16,56.94,54.05,56.03,28773774,0
2017-11-06,55.99,56.69,55.63,56.57,10835659,0
2017-11-07,56.33,57.29,56.33,57.22,11167447,0
2017-11-08,57.03,58.01,57.0,57.91,13533654,0
2017-11-09,57.2,57.66,56.785,57.36,14778867,0
2017-11-10,57.36,57.39,56.54,57.04,7930318,0
2017-11-13,56.81,57.14,56.55,56.64,7648192,0
2017-11-14,56.47,57.0,56.41,56.93,7758215,0
2017-11-15,56.82,57.06,56.51,56.7,8880505,0
2017-11-16,56.92,57.42,56.75,57.24,8310611,0
2017-11-17,57.24,57.43,56.84,56.93,6311519,0
2017-11-20,56.67,57.05,56.58,56.81,6360086,0
2017-11-21,56.96,57.56,56.88,57.26,6284259,0
2017-11-22,57.07,57.18,56.795,57.14,7309073,0
2017-11-24,57.19,57.19,56.71,56.8,3479177,0
2017-11-27,56.83,56.9207,55.751000000000005,55.91,10580296,0
2017-11-28,56.03,56.72,55.9101,56.66,9734431,0
2017-11-29,56.71,57.68,56.7,57.51,10017914,0
2017-11-30,57.64,58.1399,57.47,57.82,11509224,0
2017-12-01,57.5,57.71,56.461000000000006,57.32,12756391,0
2017-12-04,57.54,59.19,57.5,58.76,13302050,0
2017-12-05,59.25,59.68,58.91,59.34,11295644,0
2017-12-06,59.38,59.83,59.23,59.28,8458198,0
2017-12-07,59.12,59.275,58.761,59.14,6033792,0
2017-12-08,58.52,58.845,58.1,58.61,9950491,0
2017-12-11,58.39,59.35,58.29,59.07,10286560,0
2017-12-12,58.99,59.36,58.87,59.27,6042917,0
2017-12-13,59.44,59.89,59.3,59.49,7726299,0
2017-12-14,59.73,60.05,59.44,59.7,8946111,0
2017-12-15,59.25,59.37,58.1574,58.29,22595018,0
2017-12-18,58.44,58.786,57.89,58.03,8751620,0
2017-12-19,58.13,58.575,57.93,58.01,7946435,0
2017-12-20,58.22,58.29,57.69,57.73,7188717,0
2017-12-21,57.94,58.145,57.49,57.58,5974474,0
2017-12-22,57.57,57.91,57.12,57.3,7148723,0
2017-12-26,57.27,57.5799,57.05,57.14,5546208,0
2017-12-27,57.19,57.65,57.18,57.27,4812173,0
2017-12-28,57.47,58.0,57.3,57.81,5044505,0
2017-12-29,57.74,57.97,57.42,57.43,5365646,0
2018-01-02,57.95,58.21,57.48,57.63,7215978,0
2018-01-03,57.93,58.96,57.8,58.71,7478356,0
2018-01-04,58.99,59.41,58.73,58.93,5775921,0
2018-01-05,59.25,59.69,59.07,59.61,6047686,0
2018-01-08,59.48,59.67,58.56,59.31,6335782,0
2018-01-09,59.2,59.47,58.86,59.18,5233353,0
2018-01-10,59.24,60.13,58.855,59.82,8656454,0
2018-01-11,59.76,60.02,59.4541,60.0,5806282,0
2018-01-12,60.4,60.51,59.65,60.4,6989075,0
2018-01-16,60.33,61.1,60.3,60.56,8040748,0
2018-01-17,61.0,61.33,60.52,60.66,8433771,0
2018-01-18,61.43,61.44,60.735,61.09,9170903,0
2018-01-19,61.21,61.46,60.95,61.26,8361853,0
2018-01-22,61.04,61.47,60.77,61.41,11945783,0
2018-01-23,61.32,61.91,61.14,61.69,10806783,0
2018-01-24,61.51,61.94,60.2326,60.83,11911867,0
2018-01-25,61.03,61.2,60.4,60.55,16225618,0
2018-01-26,57.94,58.17,56.55,57.99,51851690,0
2018-01-29,57.55,58.35,56.91,57.02,18899867,0
2018-01-30,56.96,57.54,56.74,57.19,14341155,0
2018-01-31,57.23,57.45,56.7,56.81,13118364,0
2018-02-01,56.28,56.42,55.89,56.0,14690146,0
2018-02-02,55.9,56.32,55.7,55.77,15358909,0
2018-02-05,55.53,56.26,54.57,54.69,16059955,0
2018-02-06,53.685,56.06,53.56,55.61,17415065,0
2018-02-07,55.08,55.43,54.44,54.46,13927022,0
2018-02-08,54.5,54.788999999999994,53.75,53.77,17736671,0
2018-02-09,54.2,55.06,53.65,54.58,19382011,0
2018-02-12,54.86,55.73,54.55,55.38,10968956,0
2018-02-13,55.25,55.72,55.02,55.67,10416385,0
2018-02-14,55.47,56.7,55.29,55.99,14190323,0
2018-02-15,56.36,56.83,55.9,56.58,10294949,0
2018-02-16,56.65,57.05,56.34,56.48,10151328,0
2018-02-20,56.29,56.54,55.83,55.97,9450906,0
2018-02-21,55.93,56.74,55.86,56.1,7850950,0
2018-02-22,55.95,56.14,55.26,55.4,10172399,0
2018-02-23,55.65,56.15,54.8,56.14,11394350,0
2018-02-26,56.42,57.35,56.32,57.17,8713847,0
2018-02-27,57.29,57.64,56.56,56.57,8821414,0
2018-02-28,56.84,57.92,56.83,57.1,11541059,0
2018-03-01,57.0,57.56,55.83,56.17,11127627,0
2018-03-02,55.72,57.2,55.6805,56.93,11555132,0
2018-03-05,56.83,57.42,56.68,56.99,7835398,0
2018-03-06,57.25,57.25,56.54,57.03,8046794,0
2018-03-07,56.62,57.165,56.62,57.03,7044099,0
2018-03-08,57.29,57.8,57.13,57.47,7434706,0
2018-03-09,57.67,58.63,57.67,58.46,9539617,0
2018-03-12,58.67,59.68,58.48,59.4,10550283,0
2018-03-13,59.7,60.7,58.89,59.05,10411354,0
2018-03-14,59.28,59.72,58.705,58.83,6488531,0
2018-03-15,58.93,60.07,58.82,59.37,7377036,0
2018-03-16,59.38,59.65,58.94,59.0,13030896,0
2018-03-19,58.7,58.85,57.8,58.3,9350572,0
2018-03-20,58.45,58.98,58.45,58.66,5888445,0
2018-03-21,58.75,59.55,58.39,58.47,6569109,0
2018-03-22,58.03,58.72,57.75,57.77,6846463,0
2018-03-23,57.78,58.07,56.31,56.31,9476776,0
2018-03-26,56.96,58.0,56.55,57.8,8444852,0
2018-03-27,58.1,58.5,57.14,57.46,7562939,0
2018-03-28,57.5,58.1,57.22,57.9,9301897,0
2018-03-29,57.26,58.14,56.83,57.89,12015218,0
2018-04-02,57.52,57.73,55.38,56.24,16778277,0
2018-04-03,56.55,58.045,56.445,58.0,10908217,0
2018-04-04,57.25,58.97,57.21,58.83,7893065,0
2018-04-05,59.0,59.27,58.855,59.14,6305050,0
2018-04-06,58.78,59.135,58.09,58.34,8264473,0
2018-04-09,58.54,59.37,58.42,58.7,8023776,0
2018-04-10,59.11,59.49,58.87,59.41,6671853,0
2018-04-11,59.19,59.71,59.0,59.42,5508027,0
2018-04-12,59.66,60.12,59.42,59.43,6088247,0
2018-04-13,59.0,59.55,58.96,59.24,6689776,0
2018-04-16,59.13,59.69,58.84,59.43,6119171,0
2018-04-17,59.75,60.0,59.4,59.83,6139581,0
2018-04-18,59.73,59.83,59.44,59.5,5914193,0
2018-04-19,59.42,59.49,58.73,59.22,6280126,0
2018-04-20,59.03,59.18,57.795,58.0,12037567,0
2018-04-23,58.01,58.73,57.69,58.16,8444396,0
2018-04-24,58.48,58.66,57.65,57.81,7793565,0
2018-04-25,58.27,58.27,57.29,57.71,8367357,0
2018-04-26,58.11,60.18,57.85,59.38,14516626,0
2018-04-27,58.07,58.98,57.5,58.36,11975153,0
2018-04-30,58.39,58.51,57.46,57.57,7854596,0
2018-05-01,57.67,58.25,57.44,58.13,7257462,0
2018-05-02,58.06,58.09,56.53,56.7,7299089,0
2018-05-03,56.52,56.57,55.54,56.13,7152390,0
2018-05-04,56.54,57.93,56.49,57.68,9279180,0
2018-05-07,58.99,59.04,57.2748,57.45,10630594,0
2018-05-08,57.45,57.71,57.001000000000005,57.67,7234031,0
2018-05-09,57.43,57.62,56.79,57.04,7015334,0
2018-05-10,57.18,57.7,57.02,57.65,6565825,0
2018-05-11,57.72,57.86,57.07,57.27,5843427,0
2018-05-14,57.36,57.51,56.99,57.13,5871783,0
2018-05-15,57.0,57.1,56.35,56.64,7415770,0
2018-05-16,56.83,57.325,56.79,57.15,4843941,0
2018-05-17,57.2,57.35,56.98,57.2,6110124,0
2018-05-18,57.27,57.39,56.86,57.16,7786028,0
2018-05-21,57.4,57.82,57.2605,57.34,5379291,0
2018-05-22,57.5,57.62,56.91,56.96,5355604,0
2018-05-23,56.8,57.57,56.76,57.49,5339882,0
2018-05-24,57.44,57.74,57.115,57.68,5681592,0
2018-05-25,57.68,58.38,57.58,57.92,6783776,0
2018-05-29,57.7,57.88,57.01,57.23,6475865,0
2018-05-30,57.43,57.66,57.15,57.48,5762434,0
2018-05-31,57.18,57.4658,56.55,56.67,9433042,0
2018-06-01,56.84,57.03,56.6068,56.91,4967653,0
2018-06-04,57.1,57.2,56.8,57.07,7484072,0
2018-06-05,56.69,56.7,55.28,55.68,18278843,0
2018-06-06,55.835,57.18,55.62,57.17,13709779,0
2018-06-07,57.29,57.94,57.09,57.14,7919801,0
2018-06-08,56.92,57.06,56.52,56.6,8433528,0
2018-06-11,56.61,56.74,56.27,56.48,7181724,0
2018-06-12,56.6,56.9,56.3,56.48,8249711,0
2018-06-13,56.51,56.7,56.18,56.21,8283213,0
2018-06-14,56.46,57.07,56.31,57.02,11049707,0
2018-06-15,57.04,57.21,56.458999999999996,57.11,12408270,0
2018-06-18,56.77,57.32,56.105,57.22,9676910,0
2018-06-19,56.65,57.5,56.34,57.43,9965474,0
2018-06-20,54.83,55.01,51.58,52.22,62091071,0
2018-06-21,52.29,52.63,50.36,50.62,30722957,0
2018-06-22,51.0,51.72,50.82,51.24,24429564,0
2018-06-25,51.16,51.4366,50.21,50.66,15578586,0
2018-06-26,50.51,50.63,50.11,50.38,12930561,0
2018-06-27,50.52,50.53,49.84,49.84,14576867,0
2018-06-28,49.45,49.48,47.37,48.54,33210109,0
2018-06-29,48.08,49.26,48.08,48.85,17413010,0
2018-07-02,48.64,49.1,48.5468,49.06,9870932,0
2018-07-03,49.15,49.3,48.76,48.77,7517541,0
2018-07-05,48.92,49.03,48.4,48.61,9630476,0
2018-07-06,48.9,49.19,48.58,48.98,10711984,0
2018-07-09,49.21,50.05,49.21,49.9,12811694,0
2018-07-10,50.08,50.51,49.9645,50.42,9038021,0
2018-07-11,50.22,50.475,50.02,50.14,9542401,0
2018-07-12,50.36,50.656000000000006,50.2,50.25,9339200,0
2018-07-13,50.26,51.65,50.26,51.62,21720110,0
2018-07-16,51.55,51.55,50.69,50.94,16974920,0
2018-07-17,50.66,51.3,50.6,51.28,11421330,0
2018-07-18,51.34,51.6185,51.0,51.15,13549524,0
2018-07-19,51.11,51.49,51.0,51.34,11415630,0
2018-07-20,51.06,51.2425,50.75,50.91,11033405,0
2018-07-23,50.76,51.27,50.76,51.19,8406801,0
2018-07-24,51.3,51.7198,51.06,51.17,9921586,0
2018-07-25,51.01,51.72,51.01,51.62,11370019,0
2018-07-26,51.68,51.84,51.34,51.45,11114792,0
2018-07-27,51.4999,52.6,50.2101,52.15,15770270,0
2018-07-30,52.2,52.845,51.76,51.9,14448359,0
2018-07-31,52.03,52.69,51.85,52.39,9228240,0
2018-08-01,52.24,52.24,51.25,51.93,11952400,0
2018-08-02,52.1,52.35,51.43,51.68,13636439,0
2018-08-03,51.7,52.45,51.58,52.23,8246476,0
2018-08-06,52.1,52.27,51.8,52.07,6505777,0
2018-08-07,52.08,52.205,51.8,52.07,5869803,0
2018-08-08,51.83,51.93,51.36,51.55,7258334,0
2018-08-09,51.53,52.02,51.32,51.92,7175435,0
2018-08-10,51.59,51.63,51.195,51.51,10539692,0
2018-08-13,51.62,51.96,51.47,51.81,7911311,0
2018-08-14,51.85,52.74,51.79,52.59,9385434,0
2018-08-15,52.31,52.94,52.3,52.75,9566235,0
2018-08-16,52.98,53.36,52.92,53.04,8721212,0
2018-08-17,52.95,53.61,52.95,53.56,8166981,0
2018-08-20,53.71,54.16,53.7,53.92,9791538,0
2018-08-21,54.17,54.44,53.95,54.0,7990040,0
2018-08-22,53.55,53.64,52.66,52.82,10369620,0
2018-08-23,52.76,53.19,52.56,52.66,8567574,0
2018-08-24,52.82,52.92,52.42,52.75,9850039,0
2018-08-27,52.99,53.18,52.81,52.97,6443156,0
2018-08-28,53.02,53.47,52.98,53.05,7171873,0
2018-08-29,53.07,53.4399,52.72,53.25,6604919,0
2018-08-30,53.12,53.41,52.97,53.1,5576425,0
2018-08-31,52.46,53.71,52.451,53.45,10892775,0
2018-09-04,53.44,53.69,53.2148,53.53,8235166,0
2018-09-05,53.47,53.98,53.29,53.79,7966579,0
2018-09-06,53.66,54.35,53.65,54.21,7803422,0
2018-09-07,54.2,54.96,54.16,54.86,10231692,0
2018-09-10,54.94,55.11,54.57,54.97,8621174,0
2018-09-11,54.83,55.395,54.765,55.12,7873859,0
2018-09-12,55.2,55.2,54.3263,54.97,7297268,0
2018-09-13,55.12,55.57,54.74,54.89,8566607,0
2018-09-14,55.0,55.0,54.61,54.75,6827670,0
2018-09-17,54.7,54.86,54.275,54.57,9277192,0
2018-09-18,54.48,55.28,54.1,55.07,7569586,0
2018-09-19,55.22,55.79,54.9,55.43,7451644,0
2018-09-20,55.6,56.73,55.6,56.43,10582603,0
2018-09-21,56.55,57.5661,56.52,57.45,25800450,0
2018-09-24,56.94,57.36,56.58,56.69,10616004,0
2018-09-25,56.98,57.29,56.83,56.9,9445481,0
2018-09-26,56.77,57.84,56.75,57.27,7757332,0
2018-09-27,57.1,57.785,57.1,57.34,6606185,0
2018-09-28,57.39,57.39,56.78,56.84,8975955,0
2018-10-01,56.91,56.95,55.53,55.58,12727584,0
2018-10-02,55.55,56.01,55.29,55.59,12680838,0
2018-10-03,55.8,56.11,55.46,55.47,7383546,0
2018-10-04,55.78,56.08,55.5,55.89,9722043,0
2018-10-05,55.95,55.95,55.305,55.76,9734042,0
2018-10-08,55.82,56.75,55.45,56.54,9624260,0
2018-10-09,56.83,59.7,56.81,57.71,24855677,0
2018-10-10,57.67,57.87,55.94,56.01,14190452,0
2018-10-11,55.7,56.27,54.705,54.86,15316853,0
2018-10-12,55.71,56.78,55.28,56.45,13980461,0
2018-10-15,56.37,57.19,56.3105,56.75,10175142,0
2018-10-16,56.94,58.01,56.77,57.81,11731398,0
2018-10-17,57.9,59.395,57.78,59.1,14631015,0
2018-10-18,59.0,59.53,58.15,58.64,12184673,0
2018-10-19,58.39,59.07,58.39,58.66,10180500,0
2018-10-22,58.93,59.36,58.58,58.9,8680150,0
2018-10-23,58.36,59.3,58.21,58.81,12834169,0
2018-10-24,58.57,59.28,57.95,58.06,12189685,0
2018-10-25,58.29,59.465,57.7,58.96,9569597,0
2018-10-26,58.04,58.36,57.39,58.07,13367726,0
2018-10-29,58.68,59.68,57.7,58.37,14412820,0
2018-10-30,58.43,58.87,57.69,58.59,14230072,0
2018-10-31,58.98,59.12,58.21,58.27,11560416,0
2018-11-01,58.3,59.07,58.07,58.63,18772357,0
2018-11-02,61.99,65.68,61.9,64.32,45572997,0
2018-11-05,63.93,65.13,63.82,64.48,23242808,0
2018-11-06,64.3,66.08,64.25,66.01,16065429,0
2018-11-07,66.29,68.21,66.04,68.16,16465020,0
2018-11-08,67.775,68.98,67.63,68.72,14081663,0
2018-11-09,68.49,68.96,68.08,68.6,8637203,0
2018-11-12,68.44,68.94,67.8,67.91,12789647,0
2018-11-13,67.94,68.28,67.1,67.41,16636978,0
2018-11-14,67.3,67.95,66.73,67.04,13350450,0
2018-11-15,66.71,67.76,66.36,67.62,15246503,0
2018-11-16,67.3,68.5306,67.09,68.16,9287882,0
2018-11-19,68.1,68.4704,67.2299,67.91,10855387,0
2018-11-20,67.39,67.88,66.76,67.18,11208855,0
2018-11-21,67.47,67.98,66.75,66.77,10978166,0
2018-11-23,66.24,66.24,65.26,65.7,7779765,0
2018-11-26,65.98,66.12,65.205,65.69,13066763,0
2018-11-27,65.46,66.55,65.31,66.08,13169085,0
2018-11-28,66.18,66.99,65.48,66.82,12867734,0
2018-11-29,66.68,67.28,66.12,66.88,9605484,0
2018-11-30,66.86,67.38,66.65,66.72,27309197,0
2018-12-03,67.37,68.055,66.66,67.5,13834742,0
2018-12-04,67.47,68.15,66.45,66.65,13555064,0
2018-12-06,66.13,66.67,65.59,66.55,17222196,0
2018-12-07,66.17,66.64,65.2,65.47,11057454,0
2018-12-10,65.47,65.8,64.45,65.49,12148308,0
2018-12-11,66.22,66.92,65.52,65.92,10903364,0
2018-12-12,66.0,66.93,66.0,66.13,11116217,0
2018-12-13,66.29,67.2243,66.13,66.91,10016213,0
2018-12-14,64.44,65.84,63.58,65.34,16834020,0
2018-12-17,65.0,65.625,64.0799,64.47,15143054,0
2018-12-18,64.77,65.4,64.55,64.92,10523476,0
2018-12-19,65.16,65.9,63.68,64.06,14390146,0
2018-12-20,63.61,63.8,61.4499,62.15,20264918,0
2018-12-21,62.31,63.205,61.38,61.39,23524888,0
2018-12-24,61.48,61.82,60.42,60.56,6323252,0
2018-12-26,60.95,63.23,60.67,63.08,16646238,0
2018-12-27,62.62,63.24,61.62,63.2,11308081,0
2018-12-28,63.31,64.12,63.1747,63.39,7712127,0
2018-12-31,63.77,64.61,63.66,64.4,7690183,0
2019-01-02,63.68,64.37,63.208999999999996,64.32,10093978,0
2019-01-03,63.46,63.72,61.395,61.53,14390100,0
2019-01-04,62.4,64.25,62.08,63.57,12694446,0
2019-01-07,63.35,64.24,62.74,63.57,10337844,0
2019-01-08,63.94,64.29,63.05,63.62,10809743,0
2019-01-09,63.65,64.04,62.95,63.88,13080263,0
2019-01-10,63.61,64.39,63.24,64.19,10397645,0
2019-01-11,62.29,63.84,61.6701,63.73,13805688,0
2019-01-14,63.35,64.055,62.98,63.37,9929560,0
2019-01-15,63.58,64.625,63.45,64.08,7930398,0
2019-01-16,64.2,64.82,63.75,63.77,8091296,0
2019-01-17,63.68,64.39,63.6,64.28,6767335,0
2019-01-18,64.81,64.81,63.86,64.7,9835199,0
2019-01-22,64.9,66.21,64.75,65.39,16414325,0
2019-01-23,65.88,66.6965,65.81,66.43,12372408,0
2019-01-24,66.61,66.76,62.93,64.74,29719619,0
2019-01-25,67.03,67.69,66.1,67.09,21888062,0
2019-01-28,66.19,66.955,65.91,66.9,11537730,0
2019-01-29,67.0,67.5,66.2,67.04,10703449,0
2019-01-30,67.11,68.21,67.05,68.15,11702523,0
2019-01-31,68.18,69.49,67.08,68.14,24233336,0
2019-02-01,68.59,69.315,68.0,68.11,10309205,0
2019-02-04,68.03,68.11,67.08,67.58,13562350,0
2019-02-05,67.76,69.41,67.64,69.34,12781643,0
2019-02-06,69.23,69.3874,68.5,68.85,10283746,0
2019-02-07,68.6,69.21,68.48,69.14,10109209,0
2019-02-08,68.77,69.82,68.6,69.75,8862140,0
2019-02-11,70.0,70.465,69.847,69.99,9230088,0
2019-02-12,70.24,70.46,69.71,69.75,8848874,0
2019-02-13,69.81,70.6,69.8,70.51,10264422,0
2019-02-14,70.13,71.54,69.97,70.84,9441104,0
2019-02-15,71.15,71.37,70.1935,70.71,13924591,0
2019-02-19,70.46,70.6,69.78,70.2,9208382,0
2019-02-20,70.23,70.6,70.05,70.39,9671811,0
2019-02-21,70.14,70.93,70.14,70.7,10933548,0
2019-02-22,70.76,71.39,70.75,71.3,11311725,0
2019-02-25,71.9,72.07,70.98,71.05,12071170,0
2019-02-26,71.0,71.45,70.92,71.14,12302254,0
2019-02-27,70.83,71.13,69.92,70.15,13274806,0
2019-02-28,70.14,70.49,69.78,70.26,18956744,0
2019-03-01,70.63,71.11,70.4515,70.85,8067715,0
2019-03-04,70.99,71.35,70.37,70.95,9219708,0
2019-03-05,71.19,71.89,71.06,71.58,10496075,0
2019-03-06,71.81,72.18,71.16,71.27,7666095,0
2019-03-07,71.2,71.36,70.46,70.61,7814691,0
2019-03-08,70.15,70.27,69.03,69.36,12363892,0
2019-03-11,69.38,70.005,69.14,69.68,11518329,0
2019-03-12,69.74,70.58,69.69,70.05,12751689,0
2019-03-13,70.09,70.9,69.98,70.1,13798644,0
2019-03-14,70.19,70.885,70.19,70.74,9249246,0
2019-03-15,70.8,71.21,70.54,70.67,13096889,0
2019-03-18,70.78,71.12,70.4438,70.84,5682429,0
2019-03-19,70.95,71.7,70.87,71.38,7810698,0
2019-03-20,71.8,72.4,71.34,71.63,9512399,0
2019-03-21,71.32,72.435,71.32,72.26,8044430,0
2019-03-22,72.05,72.41,71.69,71.96,8022788,0
2019-03-25,72.0,72.4755,71.73,72.3,6453840,0
2019-03-26,72.72,73.19,72.33,72.96,7624044,0
2019-03-27,72.94,73.26,72.62,72.74,7662712,0
2019-03-28,72.97,73.98,72.89,73.96,6709554,0
2019-03-29,74.01,74.4801,73.53,74.34,9099492,0
2019-04-01,74.76,74.93,73.73,73.96,8108429,0
2019-04-02,74.01,74.45,73.84,74.27,5520938,0
2019-04-03,74.56,74.78,73.87,74.33,6755601,0
2019-04-04,74.5,74.67,73.98,74.35,5449896,0
2019-04-05,74.35,75.08,74.35,75.03,5346334,0
2019-04-08,74.47,75.3,74.47,75.2,5140455,0
2019-04-09,74.87,75.23,74.8,75.12,4905834,0
2019-04-10,75.21,75.815,75.21,75.48,6066274,0
2019-04-11,75.75,76.07,75.65,75.87,6042641,0
2019-04-12,76.1,76.95,76.07,76.65,5194754,0
2019-04-15,76.67,76.7,76.08,76.16,7632303,0
2019-04-16,76.48,76.56,75.365,75.7,8336948,0
2019-04-17,75.61,75.96,74.8,75.12,9439007,0
2019-04-18,75.48,76.26,75.21,76.06,6607755,0
2019-04-22,75.71,76.06,75.21,75.4,4883100,0
2019-04-23,75.48,76.06,75.41,75.99,5274059,0
2019-04-24,76.05,76.88,75.91,76.39,9347260,0
2019-04-25,76.11,77.23,75.95,77.11,11084455,0
2019-04-26,76.95,77.52,75.06,77.45,12550458,0
2019-04-29,77.3,77.67,76.59,76.91,5426762,0
2019-04-30,77.0,77.79,76.69,77.68,7384433,0
2019-05-01,77.67,78.15,77.37,77.52,6678194,0
2019-05-02,77.66,77.76,76.75,77.47,6247550,0
2019-05-03,77.59,78.4,77.34,78.05,4967928,0
2019-05-06,77.2,78.08,77.02,78.06,5607843,0
2019-05-07,77.57,78.74,77.42,77.96,8115808,0
2019-05-08,77.58,78.64,77.12,78.05,7799892,0
2019-05-09,77.58,78.23,77.345,77.9,7326756,0
2019-05-10,77.63,78.8,77.16,78.42,6448552,0
2019-05-13,77.25,77.78,76.08,76.68,9778829,0
2019-05-14,76.75,77.74,76.68,77.06,6871125,0
2019-05-15,76.69,77.94,76.525,77.76,5415741,0
2019-05-16,77.66,79.24,77.57,78.9,6941762,0
2019-05-17,78.52,79.6501,78.37,78.91,7380077,0
2019-05-20,78.3,78.42,76.57,76.66,11474974,0
2019-05-21,77.05,77.85,76.75,77.53,5808516,0
2019-05-22,77.2,77.715,76.91,77.25,5602516,0
2019-05-23,76.88,76.94,75.69,76.41,9213376,0
2019-05-24,76.83,77.06,75.97,76.15,5627633,0
2019-05-28,76.36,76.68,75.32,75.7,16205155,0
2019-05-29,75.33,75.49,74.33,75.28,10511592,0
2019-05-30,75.65,76.43,75.63,76.17,7178431,0
2019-05-31,75.6,76.32,75.38,76.06,7625694,0
2019-06-03,76.12,76.53,75.65,76.22,8122316,0
2019-06-04,76.77,78.755,76.66,78.52,11685007,0
2019-06-05,78.79,79.97,78.66,79.96,7437117,0
2019-06-06,80.03,81.63,79.9,81.4,10457247,0
2019-06-07,81.6,83.33,81.51,82.48,11278802,0
2019-06-10,82.85,82.86,81.38,81.93,8102783,0
2019-06-11,82.3,82.86,81.85,82.37,6226559,0
2019-06-12,82.59,83.67,82.32,82.93,6089028,0
2019-06-13,83.33,84.05,83.02,83.35,7156842,0
2019-06-14,83.54,84.61,83.39,84.24,9226463,0
2019-06-17,84.65,84.69,82.8949,83.02,9313807,0
2019-06-18,83.55,84.11,82.885,82.92,10582586,0
2019-06-19,83.08,83.92,82.08,83.81,5401369,0
2019-06-20,84.41,84.8292,83.83,84.69,5216143,0
2019-06-21,84.43,84.7701,83.81,83.82,12610163,0
2019-06-24,84.08,84.56,83.61,83.65,6692691,0
2019-06-25,84.2,85.2,83.96,84.25,7312327,0
2019-06-26,84.3,84.3,83.18,83.38,7576443,0
2019-06-27,83.55,83.89,83.21,83.56,6084200,0
2019-06-28,83.56,83.96,83.32,83.83,6735620,0
2019-07-01,84.62,84.96,84.03,84.55,7940539,0
2019-07-02,84.74,85.59,84.52,85.51,6206087,0
2019-07-03,86.04,87.82,85.98,87.79,7818552,0
2019-07-05,87.5,87.8855,86.88,87.79,5733239,0
2019-07-08,87.6,87.95,87.18,87.44,6359676,0
2019-07-09,87.29,87.65,86.89,87.23,5355536,0
2019-07-10,87.42,88.54,87.42,88.38,5293013,0
2019-07-11,88.66,89.29,88.265,89.07,6191375,0
2019-07-12,89.28,89.82,88.85,89.77,5628010,0
2019-07-15,89.87,90.34,89.66,90.16,6061252,0
2019-07-16,90.22,90.48,89.59,90.08,5591855,0
2019-07-17,90.08,90.38,89.7278,90.25,4636215,0
2019-07-18,90.33,91.54,89.95,91.5,6471383,0
2019-07-19,91.41,91.61,90.2342,90.3,10804899,0
2019-07-22,90.52,91.18,90.05,90.92,5636657,0
2019-07-23,91.25,91.36,89.17,90.11,7609248,0
2019-07-24,89.9,90.75,89.68,90.65,5388138,0
2019-07-25,91.49,91.55,90.47,90.98,8106322,0
2019-07-26,96.4,99.72,95.21,99.11,20846459,0
2019-07-29,98.05,98.94,97.208,98.02,11184513,0
2019-07-30,97.5,98.275,96.52,96.65,7248270,0
2019-07-31,96.65,96.65,93.5,94.69,9912147,0
2019-08-01,95.0,97.58,94.58,95.38,8342662,0
2019-08-02,95.0,96.04,94.8,95.51,6381721,0
2019-08-05,94.51,95.52,93.03,93.7,8917441,0
2019-08-06,94.31,95.71,93.8,95.34,7437982,0
2019-08-07,94.6,95.7,94.17,95.22,6414046,0
2019-08-08,95.23,96.4133,94.435,96.27,7423616,0
2019-08-09,96.15,96.84,95.42,96.3,5209181,0
2019-08-12,95.78,96.02,94.3,94.91,5513811,0
2019-08-13,94.52,96.67,94.21,96.63,8938251,0
2019-08-14,95.91,97.0238,94.87,94.92,9989526,0
2019-08-15,95.5,96.27,94.61,95.53,5566890,0
2019-08-16,96.29,96.83,95.8525,96.52,5032916,0
2019-08-19,97.23,97.4071,96.2203,96.66,5325315,0
2019-08-20,96.35,97.12,95.59,95.63,6809918,0
2019-08-21,96.27,96.65,95.73,96.32,4740743,0
2019-08-22,96.59,96.85,95.7,96.49,5147125,0
2019-08-23,96.41,97.1,94.39,94.7,8077465,0
2019-08-26,95.38,96.5,95.0,96.5,5806558,0
2019-08-27,96.7,97.1,96.03,96.09,6540103,0
2019-08-28,96.23,97.21,96.0,97.07,4948761,0
2019-08-29,97.85,98.07,97.06,97.7,4514498,0
2019-08-30,98.14,98.14,96.105,96.56,5169910,0
2019-09-03,96.42,97.21,96.05,96.77,5150830,0
2019-09-04,94.48,96.3258,93.03200000000001,96.11,12937509,0
2019-09-05,96.54,96.96,95.17,95.56,5514796,0
2019-09-06,95.75,96.34,95.51,95.74,3991773,0
2019-09-09,95.8,95.93,93.74,94.16,6523299,0
2019-09-10,93.81,93.88,89.3033,90.35,12490898,0
2019-09-11,90.18,91.45,89.61,90.98,8406555,0
2019-09-12,92.16,93.315,91.77,92.06,6862165,0
2019-09-13,92.145,92.145,90.315,90.48,6972260,0
2019-09-16,90.02,90.45,89.3769,89.42,6339236,0
2019-09-17,89.67,91.46,89.65,90.75,6511690,0
2019-09-18,90.98,91.36,90.06,90.96,4559657,0
2019-09-19,90.99,92.1,90.3,91.56,4874742,0
2019-09-20,91.61,92.08,90.06,90.07,11241787,0
2019-09-23,90.32,91.16,89.93,90.81,4943643,0
2019-09-24,91.6,91.77,89.51,89.92,5688165,0
2019-09-25,89.94,90.61,89.02,90.35,5263768,0
2019-09-26,90.84,91.15,89.5,89.8,5531821,0
2019-09-27,90.3,90.3,87.79,88.37,5988453,0
2019-09-30,88.41,88.56,87.61,88.42,6650433,0
2019-10-01,88.63,88.89399999999999,86.45,86.51,6805628,0
2019-10-02,85.95,86.01,84.16,84.32,10036455,0
2019-10-03,84.3,84.91,83.61,84.67,6061699,0
2019-10-04,84.9,85.97,84.74600000000001,85.92,5891718,0
2019-10-07,85.71,86.16,85.49,85.85,4445596,0
2019-10-08,85.49,86.33,84.69,84.91,6386914,0
2019-10-09,85.37,86.17,85.28,85.85,4450259,0
2019-10-10,85.91,86.0658,85.38,85.96,4257671,0
2019-10-11,87.02,87.25,86.26,86.36,5621572,0
2019-10-14,86.5,87.68,86.4,86.62,4936604,0
2019-10-15,87.0,87.25,85.76,86.45,4722624,0
2019-10-16,86.53,86.83,86.045,86.71,3706830,0
2019-10-17,86.88,87.02,86.16,86.29,4397738,0
2019-10-18,86.35,86.75,85.52,86.03,4631218,0
2019-10-21,86.0,86.24,85.0801,85.35,5007111,0
2019-10-22,85.23,85.35,83.39,83.46,5806608,0
2019-10-23,84.31,84.41,82.1262,82.74,7186615,0
2019-10-24,82.8,83.53,82.6605,83.18,4632619,0
2019-10-25,83.21,83.565,82.63,83.38,5235296,0
2019-10-28,84.47,84.98,83.36,83.6,6653357,0
2019-10-29,83.81,84.63,83.64,84.13,5699093,0
2019-10-30,84.61,84.7,83.32,84.19,8731291,0
2019-10-31,86.71,87.22,83.28,84.56,14008811,0
2019-11-01,84.79,85.31,82.61,83.21,10658473,0
2019-11-04,83.3,83.435,81.9,82.37,8271187,0
2019-11-05,82.34,82.34,81.0301,81.89,7054400,0
2019-11-06,82.08,83.37,82.0,82.99,6365267,0
2019-11-07,83.06,83.29,81.84,81.95,7221382,0
2019-11-08,82.19,82.64,81.45,81.77,7088064,0
2019-11-11,81.75,82.5312,81.37,82.43,5832575,0
2019-11-12,82.69,83.976,82.605,83.32,8552693,0
2019-11-13,83.29,84.29,83.2,83.94,7439003,0
2019-11-14,84.1,84.52,83.8,84.38,5287433,0
2019-11-15,84.68,84.94,83.57,84.21,7537205,0
2019-11-18,83.92,84.11,83.2505,84.02,6433068,0
2019-11-19,84.06,84.28,83.5708,83.66,6010423,0
2019-11-20,83.54,84.49,82.98,83.6,6251318,0
2019-11-21,83.75,84.04,81.762,82.3,8300483,0
2019-11-22,82.69,83.39,82.66,83.02,6080782,0
2019-11-25,83.16,84.0,82.93,83.75,5450981,0
2019-11-26,84.13,84.65,84.0,84.56,7652316,0
2019-11-27,84.85,85.81,84.42,85.77,7506564,0
2019-11-29,85.91,86.73,85.25,85.43,3857027,0
2019-12-02,85.38,85.77,83.82,84.57,6428428,0
2019-12-03,84.03,85.0,83.8213,84.82,6077628,0
2019-12-04,85.13,85.54,84.7048,85.4,5940602,0
2019-12-05,85.44,85.4826,84.32,84.45,5171388,0
2019-12-06,85.03,86.53,85.03,86.32,8501814,0
2019-12-09,86.31,86.63,85.96,86.28,7170822,0
2019-12-10,86.5,87.465,85.91,86.04,7945126,0
2019-12-11,86.26,86.8699,85.85,86.59,4922698,0
2019-12-12,88.0,88.8868,87.54,88.21,10293873,0
2019-12-13,88.02,88.7897,87.58,88.67,6718109,0
2019-12-16,89.14,89.3,88.43,88.78,6706045,0
2019-12-17,88.87,88.97,87.47,88.13,7297423,0
2019-12-18,88.39,88.85,87.815,87.99,5859211,0
2019-12-19,87.83,88.585,87.58,88.52,6023454,0
2019-12-20,88.785,89.0,87.89,88.46,14271655,0
2019-12-23,88.62,88.85,88.175,88.23,4349884,0
2019-12-24,88.2,88.5977,88.0,88.52,1847770,0
2019-12-26,88.73,88.76,87.79,88.075,4180261,0
2019-12-27,88.11,88.46,87.69,88.13,4130878,0
2019-12-30,88.01,88.2,87.06,87.44,4656289,0
2019-12-31,87.44,87.99,87.31,87.92,4116734,0
2020-01-02,88.12,89.35,88.05,89.35,6475843,0
2020-01-03,88.66,89.1,88.1,88.83,4874916,0
2020-01-06,88.11,88.41,87.47,88.13,5409850,0
2020-01-07,87.96,88.03,87.13,87.86,6533541,0
2020-01-08,87.94,89.35,87.78,88.88,7297235,0
2020-01-09,90.25,91.16,90.07,90.53,9450166,0
2020-01-10,90.8,90.89,89.63,90.16,7098085,0
2020-01-13,90.62,91.715,90.21,91.08,7382968,0
2020-01-14,91.19,91.44,90.86,90.99,5855400,0
2020-01-15,91.0,92.06,91.0,91.54,6145518,0
2020-01-16,91.99,92.61,91.63,92.58,5180320,0
2020-01-17,92.93,93.75,92.8099,93.62,6962787,0
2020-01-21,92.83,93.595,92.19,92.53,7094559,0
2020-01-22,93.14,93.75,92.47,92.53,6157412,0
2020-01-23,91.92,93.85,90.74,93.75,6100777,0
2020-01-24,94.0,94.13,91.34,92.03,7815501,0
2020-01-27,88.63,89.45,87.55,88.73,11066487,0
2020-01-28,89.05,89.18799999999999,87.72,88.6,11922396,0
2020-01-29,88.15,88.44,85.6,86.72,17703897,0
2020-01-30,85.45,86.59,84.69,85.84,12224941,0
2020-01-31,85.79,85.9924,84.52,84.83,11693902,0
2020-02-03,85.07,86.7863,85.07,86.01,9092620,0
2020-02-04,87.14,89.0,86.62,88.38,9997071,0
2020-02-05,88.88,89.2,86.63,87.56,9982673,0
2020-02-06,87.65,87.695,86.15,86.15,8901403,0
2020-02-07,85.76,86.62,85.315,86.42,8073908,0
2020-02-10,86.43,87.6175,86.1675,87.53,7289281,0
2020-02-11,87.86,88.2299,87.35,87.51,5098622,0
2020-02-12,87.71,89.1,87.39,88.57,7747787,0
2020-02-13,88.5,90.505,88.26,89.925,8576615,0
2020-02-14,90.18,90.4099,88.99,89.28,5686868,0
2020-02-18,89.37,89.47,88.29,89.23,5291147,0
2020-02-19,89.49,90.435,89.3,90.14,5210834,0
2020-02-20,89.73,90.25,87.73,88.6,5969200,0
2020-02-21,88.0,88.39,87.0,87.36,5801705,0
2020-02-24,84.53,86.0513,84.26,84.52,8313643,0
2020-02-25,85.02,85.35,81.67,82.19,9403953,0
2020-02-26,82.6,83.24,80.64,80.67,10549302,0
2020-02-27,78.83,80.87,77.36,78.29,17120832,0
2020-02-28,76.17,78.81,75.72,78.43,19120249,0
2020-03-02,77.92,82.41,77.66,82.38,14258675,0
2020-03-03,82.3,82.615,78.11,78.6,12395890,0
2020-03-04,79.29,80.2,77.88,79.67,10999608,0
2020-03-05,77.9,77.9,75.28,76.19,12545266,0
2020-03-06,73.46,75.71,72.05,75.34,18080148,0
2020-03-09,70.58,74.03,70.08,70.83,15930310,0
2020-03-10,72.56,74.95,70.03,74.87,18414048,0
2020-03-11,72.83,74.27,67.4,68.3,17161368,0
2020-03-12,62.9535,66.793,61.46,62.1,25170629,0
2020-03-13,65.65,70.18,63.51,69.92,19247179,0
2020-03-16,60.63,63.949,58.11,58.59,23354347,0
2020-03-17,59.55,59.6199,53.61,58.98,25045192,0
2020-03-18,55.55,57.65,50.02,56.33,28770619,0
2020-03-19,56.23,63.36,53.55,61.41,25167423,0
2020-03-20,62.3,65.68,57.91,58.03,28420576,0
2020-03-23,57.23,57.44,54.0,56.55,24905790,0
2020-03-24,62.61,65.16,61.0,64.88,28286186,0
2020-03-25,66.83,69.64,63.4927,65.81,22977186,0
2020-03-26,66.71,71.58,66.25,69.9,21005282,0
2020-03-27,66.68,68.25,64.8202,66.34,18950460,0
2020-03-30,66.56,68.2199,64.58,67.86,14199717,0
2020-03-31,67.18,68.32,65.31,65.74,20109803,0
2020-04-01,63.0,64.76,61.58,62.62,12880408,0
2020-04-02,65.75,68.7,62.91,65.0,18175040,0
2020-04-03,64.47,64.75,60.9,63.05,14676460,0
2020-04-06,66.27,68.34,64.41,67.79,18010771,0
2020-04-07,71.5676,72.48,68.335,68.71,13799395,0
2020-04-08,69.58,71.92,68.5377,71.57,10417639,0
2020-04-09,71.2,74.255,70.14,73.88,19769563,0
2020-04-13,73.5203,73.6,70.35,71.76,11191792,0
2020-04-14,73.69,74.33,72.66,73.67,10911999,0
2020-04-15,72.01,73.175,70.71,72.55,10642533,0
2020-04-16,73.11,73.76,71.345,73.51,11946812,0
2020-04-17,76.62,77.39,74.97,77.1,14268386,0
2020-04-20,76.02,76.98,75.085,75.32,9684741,0
2020-04-21,73.4,73.96,71.74,72.72,10345787,0
2020-04-22,74.55,78.06,74.43,77.45,11355290,0
2020-04-23,77.33,77.67,74.26,75.15,15513357,0
2020-04-24,75.75,76.03,74.21,75.58,8460619,0
2020-04-27,76.68,78.04,76.54,77.74,8258468,0
2020-04-28,78.67,79.61,76.96,78.69,12801386,0
2020-04-29,78.18,78.75,76.72,76.86,24575514,0
2020-04-30,76.83,77.64,75.19,76.73,15186034,0
2020-05-01,74.9,75.8799,73.21,73.79,11216703,0
2020-05-04,72.58,72.62,71.255,71.89,12921795,0
2020-05-05,74.96,75.08,72.89,72.9,12976023,0
2020-05-06,73.767,74.85,72.86,72.96,12740910,0
2020-05-07,73.81,76.03,73.37,76.0,13369310,0
2020-05-08,77.25,77.93,75.76,77.87,11921827,0
2020-05-11,76.62,77.18,75.795,75.87,9004538,0
2020-05-12,76.0,76.73,74.34,74.35,8549922,0
2020-05-13,74.46,75.75,72.92,73.62,11532701,0
2020-05-14,72.32,74.29,70.65,74.19,11932250,0
2020-05-15,72.81,74.64,72.6746,74.16,9489146,0
2020-05-18,76.86,77.5,76.2,76.23,8912473,0
2020-05-19,76.4,77.225,75.76,75.86,6484878,0
2020-05-20,77.23,77.84,76.52,77.76,7790481,0
2020-05-21,78.6,79.375,77.89,78.05,10312641,0
2020-05-22,77.9,78.05,76.52,77.62,7653305,0
2020-05-26,79.6,79.92,77.575,77.76,8422249,0
2020-05-27,78.98,78.98,77.385,78.6,8245290,0
2020-05-28,78.64,80.06,77.93,78.54,8333918,0
2020-05-29,78.62,78.64,77.26,77.99,10108989,0
2020-06-01,77.66,78.65,76.77,78.32,7936986,0
2020-06-02,77.97,78.255,76.79,77.78,9521014,0
2020-06-03,78.45,79.95,78.3,79.58,9956666,0
2020-06-04,79.31,80.17,78.47,78.74,7667564,0
2020-06-05,80.33,82.33,79.97,82.14,12030778,0
2020-06-08,83.08,83.62,82.1828,83.56,10229593,0
2020-06-09,82.62,83.22,81.76,82.37,7999828,0
2020-06-10,79.88,80.025,78.2,79.01,19683806,0
2020-06-11,75.75,76.79,72.15,72.57,26422155,0
2020-06-12,75.0,76.715,73.81,76.38,18529829,0
2020-06-15,74.3,77.91,74.08,76.96,14651213,0
2020-06-16,78.79,78.9435,76.39,77.84,10890113,0
2020-06-17,78.07,78.29,76.68,77.1,6906721,0
2020-06-18,76.72,76.79,75.795,76.31,8485970,0
2020-06-19,77.03,77.375,74.88,75.4,12527326,0
2020-06-22,74.9,75.65100000000001,73.92,75.4,8238636,0
2020-06-23,76.33,76.37,75.07,75.49,8076612,0
2020-06-24,74.9,74.92,72.0,73.64,12306427,0
2020-06-25,73.2157,74.105,72.17,73.85,8624798,0
2020-06-26,73.63,73.77,71.25,71.57,17627836,0
2020-06-29,71.4091,73.5,71.06,73.48,8653029,0
2020-06-30,73.58,73.88,72.81,73.59,11323990,0
2020-07-01,74.0,74.69,73.38,74.03,6749978,0
2020-07-02,75.04,75.09,73.64,73.78,6544351,0
2020-07-06,74.93,75.48,74.16,75.44,7235277,0
2020-07-07,75.13,75.23,74.0,74.25,7515103,0
2020-07-08,74.07,74.499,73.33,74.14,7346243,0
2020-07-09,73.73,74.22,71.93,73.57,9618209,0
2020-07-10,73.0,74.56,72.74,74.29,7524157,0
2020-07-13,74.5601,74.84,72.49,72.65,9464541,0
2020-07-14,72.0,72.97,71.815,72.73,8780867,0
2020-07-15,74.46,75.805,73.96,75.61,10300705,0
2020-07-16,74.9,75.14,73.68,74.39,6649692,0
2020-07-17,74.43,74.55,73.2101,74.16,6087543,0
2020-07-20,74.16,75.22,73.6305,74.96,8832692,0
2020-07-21,75.78,76.8,75.27,75.44,10639754,0
2020-07-22,75.52,77.325,75.12,77.24,9213149,0
2020-07-23,76.88,77.07,74.9,75.36,7795081,0
2020-07-24,75.28,75.995,75.11,75.78,5673370,0
2020-07-27,75.88600000000001,76.705,75.54,76.46,6771141,0
2020-07-28,76.3,76.39,74.5604,74.64,12273414,0
2020-07-29,77.56,78.49,76.9,77.42,15261050,0
2020-07-30,76.63,76.98,75.4,76.64,7889831,0
2020-07-31,76.24,76.54,75.48,76.53,7424977,0
2020-08-03,76.48,76.6,75.44,75.5,7142088,0
2020-08-04,75.37,75.485,74.76,75.13,12792449,0
2020-08-05,75.35,75.99,75.325,75.78,7823144,0
2020-08-06,75.2,75.92,74.9412,75.66,6764846,0
2020-08-07,75.48,75.93,75.21,75.79,6569313,0
2020-08-10,75.8182,77.665,75.81,77.47,6604325,0
2020-08-11,78.27,79.98,78.0,78.87,10238461,0
2020-08-12,79.59,79.69,78.665,79.29,5378790,0
2020-08-13,78.92,79.6401,78.84,79.02,4383353,0
2020-08-14,78.54,78.93,78.02,78.37,3771349,0
2020-08-17,78.6,78.96,78.12,78.95,5360366,0
2020-08-18,79.15,79.36,78.35,78.99,5272725,0
2020-08-19,79.1832,79.385,77.43,77.63,6840566,0
2020-08-20,77.03,77.65,76.4602,77.22,5099464,0
2020-08-21,76.94,77.27,76.69,77.07,5594121,0
2020-08-24,77.71,79.14,77.25,78.68,5867361,0
2020-08-25,80.06,83.065,79.79,82.72,17659521,0
2020-08-26,82.42,82.75,81.88,82.41,7934302,0
2020-08-27,82.75,83.635,82.5,83.41,9099186,0
2020-08-28,83.79,85.29,83.43,85.0,9303909,0
2020-08-31,84.6315,85.36,84.025,84.47,6401571,0
2020-09-01,84.7,86.09,84.23,86.05,8168825,0
2020-09-02,86.505,88.75,86.29,88.35,11378894,0
2020-09-03,88.6017,88.98,85.69,86.48,11036641,0
2020-09-04,87.0945,87.78,85.31,86.27,10349365,0
2020-09-08,85.27,87.5834,84.77,85.41,11083140,0
2020-09-09,85.9335,86.82700000000001,84.46,85.86,6928650,0
2020-09-10,85.8,87.07,84.5275,84.88,7551958,0
2020-09-11,84.95,85.85,84.15,85.27,7103251,0
2020-09-14,85.7516,87.055,85.64,86.63,5535807,0
2020-09-15,87.18,88.25,87.1706,87.71,8361907,0
2020-09-16,88.0,89.43,87.75,88.38,7146989,0
2020-09-17,87.05,87.32,85.355,86.75,7386586,0
2020-09-18,86.81,87.24,84.6,84.95,10113448,0
2020-09-21,82.86,83.95,81.75,83.89,7188830,0
2020-09-22,84.05,84.39,83.175,83.95,4464961,0
2020-09-23,84.38,84.9,82.82,82.99,6414658,0
2020-09-24,82.63,84.14,81.92,83.04,4881473,0
2020-09-25,82.53,84.69,82.22,84.3,5981463,0
2020-09-28,85.52,86.24,84.99,86.07,5976196,0
2020-09-29,86.25,86.25,84.625,84.8,4064974,0
2020-09-30,86.63,87.16,85.47,85.92,10134356,0
2020-10-01,87.04,87.45,86.195,86.74,7241186,0
2020-10-02,85.15,87.13,85.09,86.57,5602288,0
2020-10-05,87.27,88.675,87.2,88.47,7004835,0
2020-10-06,88.65,89.28,86.8,87.01,7951077,0
2020-10-07,87.82,88.98,87.44,88.45,5179285,0
2020-10-08,88.46,89.61,88.41,89.53,4958766,0
2020-10-09,89.8,90.33,89.58,90.01,6197682,0
2020-10-12,90.4595,91.1,89.9301,90.78,5909054,0
2020-10-13,90.58,90.85,89.77,90.16,5731971,0
2020-10-14,90.17,90.6,88.56,89.31,4763260,0
2020-10-15,88.16,88.87,87.67,88.83,5002626,0
2020-10-16,89.39,89.63,88.44,88.52,4722554,0
2020-10-19,88.7,89.57,87.36,87.6,5426622,0
2020-10-20,88.68,89.715,88.04,88.51,4942578,0
2020-10-21,88.38,89.16,88.19,88.27,4119201,0
2020-10-22,88.02,89.38,87.7,89.36,4259035,0
2020-10-23,89.8,90.96,89.44,90.8,7811524,0
2020-10-26,90.03,91.13,88.65,89.66,7756413,0
2020-10-27,89.48,90.345,89.17,90.05,8027508,0
2020-10-28,88.65,88.95,86.61,87.17,12738752,0
2020-10-29,87.17,89.11,86.61,88.3,8440044,0
2020-10-30,87.75,88.39,85.63,86.96,11402795,0
2020-11-02,87.54,87.765,85.45,85.97,8904850,0
2020-11-03,86.7778,89.06,86.18,88.39,6910439,0
2020-11-04,88.9,91.285,88.74,89.79,10509388,0
2020-11-05,90.69,91.16,89.9,90.62,6169717,0
2020-11-06,90.15,91.2,89.78,90.65,6626107,0
2020-11-09,97.32,97.65,95.64,95.88,16225770,0
2020-11-10,93.74,95.27,93.14,93.92,10474695,0
2020-11-11,94.11,95.83,94.02,95.04,8296547,0
2020-11-12,94.66,94.755,92.66,93.53,7061844,0
2020-11-13,94.38,95.59,93.7,95.56,5518003,0
2020-11-16,96.79,97.81,96.02,97.78,9367636,0
2020-11-17,97.21,98.775,96.805,98.6,8722293,0
2020-11-18,98.63,99.3264,97.91,97.91,6039520,0
2020-11-19,97.24,97.92,96.86,97.76,4252272,0
2020-11-20,97.42,97.5388,96.9522,97.01,4610081,0
2020-11-23,97.62,97.86,96.42,96.88,4805779,0
2020-11-24,97.51,98.72,97.4,98.3,6323025,0
2020-11-25,98.5,98.54,97.94,98.2,4027147,0
2020-11-27,98.48,98.975,98.28,98.66,2169708,0
2020-11-30,98.2,98.29,96.96,98.02,5197253,0
2020-12-01,99.0,99.26,98.25,98.82,4970293,0
2020-12-02,98.51,99.04,98.2133,98.91,3377940,0
2020-12-03,99.02,101.0,98.965,100.11,6264077,0
2020-12-04,101.35,102.94,101.07,102.28,6952704,0
2020-12-07,102.01,102.22,100.69,101.41,4514754,0
2020-12-08,100.37,101.57,100.01,101.21,3911250,0
2020-12-09,101.94,102.21,100.1,100.4,6629890,0
2020-12-10,103.5077,106.09,102.75,105.39,12939175,0
2020-12-11,104.405,104.78,102.33,103.0,6262636,0
2020-12-14,103.83,104.71,103.25,103.32,5156155,0
2020-12-15,104.24,104.8586,103.78,104.18,5196689,0
2020-12-16,104.1,104.8,102.72,103.27,6409253,0
2020-12-17,103.55,104.04,102.61,103.21,4535689,0
2020-12-18,103.33,104.11,102.95,103.28,10214981,0
2020-12-21,101.22,103.15,100.02,102.94,7175930,0
2020-12-22,102.12,103.17,101.89200000000001,102.41,4305282,0
2020-12-23,102.29,102.685,101.965,102.06,3817267,0
2020-12-24,102.3,102.36,101.68,102.01,1949183,0
2020-12-28,102.92,104.38,102.31,104.34,5055179,0
2020-12-29,104.8873,105.78,104.47,105.63,4780921,0
2020-12-30,105.99,106.62,105.7801,105.97,3654380,0
2020-12-31,106.0,107.14,105.615,106.98,3566295,0
