,t-13,t-12,t-11,t-10,t-9,t-8,t-7,t-6,t-5,t-4,t-3,t-2,d1,d2,d3,d4,d5,d6,d7,d8,d9,d10,d11,d12,d13,d14,d15,d16,d17,d18,d19,d20,isJanuary
MCK,0.0514044943820224,0.12702302356926443,0.006270556758271928,-0.11664302802696658,-0.1187844994741738,-0.10218809575831689,-0.23595640591268008,-0.19233547731407785,-0.29560348492533295,-0.2679800921773068,-0.23006563154276116,-0.2785419776397874,0.0288808664259927,-0.03730445246690728,0.028880866425992746,0.03489771359807481,-0.004412354592859713,-0.004412354592859713,-0.013237063778579694,-0.01805054151624519,-0.01764941837143974,-0.011231448054552451,-0.00040112314480500455,-0.009626955475330545,-0.032089851584436,-0.049338146811070516,-0.09306056959486508,-0.037304452466906834,-0.037304452466906834,-0.031287605294825105,-0.03208985158443589,0.07701564380264814,0
D,0.1180507892930677,0.13949567937464424,0.11135998358761623,0.13624758167567874,0.024087282104660268,0.08297661822568725,-0.11101288280600141,-0.16363422921771997,-0.11315637832763425,-0.05826470348524426,-0.07348155922050437,-0.0784398605274993,0.0186021311179338,0.00866895430738679,-0.0016254289326348426,0.021491782553729744,0.02004695683583213,0.03034134007585365,0.019143940762145872,0.03684305580639369,0.024562037204262532,0.04189994581903589,0.05652880621275114,0.0556257901390651,0.06646198302329842,0.049304677623262405,0.059599060863283926,0.05743182228643717,0.078201191981218,0.060140870507495725,0.07458912768647363,0.07458912768647363,0
KLAC,0.1282667049329777,0.006563159344813219,-0.1076162135185259,-0.24710406686142938,-0.3276671586467398,-0.43652185950968436,-0.5096996766021256,-0.3841404947587872,-0.227419767632424,-0.39810147107812255,-0.45953301218724374,-0.41199811914085993,0.0350476585880601,0.07565865725604137,0.0792741363502687,0.10959572370128146,0.05983358416800688,0.047288390679329106,0.025588596536751274,0.04951303475357616,0.0191914474025634,0.01669002023976307,0.06258757589911212,0.06898472503330022,0.11599287283546955,0.12879063089245202,0.156884114380611,0.11237739374124223,0.1235040739010842,0.08428391025308346,0.13435051118376662,0.1374124241008874,0
GLW,0.1322436849925705,0.011309780053444296,-0.30053502244142194,-0.48268736034730153,-0.7668450074804739,-0.7048670980765492,-0.7514670299591995,-0.7077002176249704,-0.3184799810940099,-0.5117248349396477,-0.41919455584657817,-0.2909273485769639,0.0067681895093063,-0.0016920473773263112,-0.0016920473773263112,-0.0016920473773263112,-0.0101522842639592,-0.005076142131979489,-0.060913705583756195,-0.018612521150592087,-0.03891708967851093,-0.01015228426395931,0.015228426395939243,-0.016920473773265554,0.015228426395939243,0.01861252115059231,0.03214890016920502,-0.008460236886632444,-0.023688663282571687,-0.042301184433163774,-0.08781725888324843,-0.09137055837563413,0
MET,-0.0119184644681218,0.07089128009095469,0.04204337779477996,-0.0933269838151457,-0.12468937191221863,-0.15239670077632306,-0.27666149491501935,-0.24898629069927214,-0.15127328501993742,-0.1593564630414548,-0.17898362757834574,-0.19286202745277126,0.0406060889969634,0.05161466163012052,0.05313073584961914,0.08538989936844454,0.06186093851808039,0.057304198588688626,0.037948700477393515,0.048957273110550314,0.05540910581431557,0.06261897562782992,0.07590165959023443,0.050473347330048934,0.0800751223293037,0.06489734559252591,0.10018865755034834,0.0967732319210286,0.07703871525485884,0.06641341981202475,0.08728499214281871,0.08235349229400035,0
DHR,0.0560606476776444,0.06319018096022666,0.03595914929275379,-0.012841568586450691,-0.07681644371449892,-0.10523051613164303,-0.150791640906055,-0.14562392582370765,-0.06951666669965684,-0.04479986991411644,-0.10934176393599448,-0.05775102399529053,0.0304773870352068,0.060196540534484644,0.045488010307174864,0.053070345666465624,0.027292406061067087,0.0018185601165161547,-0.013040016325027826,0.007126194868019686,0.0007562329197396966,0.014858576441544535,0.030325340204783613,0.009400895475807358,0.051553878594607916,0.043971543235317156,0.06883920247436293,0.050037411522749986,0.027444452891491444,0.02425947191735167,0.037907675564074594,0.040180375555672,0
ETN,0.0059627329192546,0.05732306623972838,0.0053276495705276705,-0.09539163257568473,-0.1347978600881412,-0.11618195844960455,-0.19922442120224293,-0.13959085885343903,-0.035757141229105116,-0.019947824351404075,-0.11596308826012425,-0.1188196278737822,0.043453401943968,0.0676100628930818,0.05974842767295607,0.07189822755860487,0.05989136649514015,0.05060034305317318,0.04102344196683827,0.052744425385935045,0.05703259005145833,0.08776443682104085,0.12264150943396279,0.12221269296741033,0.1393653516295028,0.13236134934248178,0.16137793024585512,0.17066895368782187,0.1638078902229847,0.1417953116066324,0.16409376786735264,0.16709548313321898,0
MSI,0.0652541401638873,0.16677925767033863,0.2021105372392764,0.11428284560510527,-0.21583709841257526,-0.18864328228386285,-0.2851591582268621,-0.36416523628272557,-0.20539509055781147,-0.42250835437964906,-0.4833005853809873,-0.461890125107032,0.0324822988268127,0.020311127190035805,0.012197012765517767,0.055480903405861204,0.010827432942271287,-0.005400795906764899,-0.02571192309680037,-0.006770375730011602,-0.036539356039071325,-0.03788309473357743,-0.024342343273553557,-0.051423846193601186,-0.041940151945836446,-0.04736678898134228,-0.014884490154529306,-0.004057057212258464,-0.013514910331282715,-0.04871052767584827,-0.01622822884903563,-0.03922683342808364,0
NI,0.092861211085663,0.05238666521249158,0.15381539244555942,0.04340866340035232,-0.053618380512131636,-0.05171353301771375,-0.178945615417465,-0.21596323315076893,-0.07500642513595945,-0.05080306267672896,-0.15578983179413997,-0.20239950229275327,0.0135962118904549,0.0016337606955942885,0.026112480270262584,0.05549248193171419,0.03645501619915237,-0.0070750145377014295,0.003267521391188577,0.02828621272118048,0.01632376152632009,0.025572508514939196,0.04951125633428388,0.03753495970979959,0.039168720405393875,0.03482125550355808,0.0663749896159278,0.0739899759089524,0.06691496137125119,0.0560324536870378,0.05549248193171441,0.014690000830726024,0
TROW,-0.0269933086720839,-0.1248173087084562,-0.09860744704755187,-0.18532845031069534,-0.330680877825537,-0.29530977390800317,-0.3753890248009072,-0.3002872419021563,-0.24054019762138623,-0.3236019837977435,-0.33747780465266475,-0.36912034057240417,0.0351511921606011,0.06481165251136245,0.044304913885959474,0.0911731701000944,0.050857762648762295,0.040641923970441196,-0.031491955308520114,-0.0010996475873427114,0.006590379397183321,0.043573066515543823,0.07213387927896187,0.05199494087048584,0.04979564569579953,0.0538264358282452,0.12046583023392876,0.10801691880997888,0.09044132272967831,0.08860982777191917,0.1160747460114322,0.11131210850857043,0
TPR,0.02134944612286,0.13034721310039843,0.05958646379599686,0.09777876698245369,-0.08801763938058138,-0.014386768668000038,-0.01783967605686254,0.14585371126699376,0.3103174204135506,0.2099761424968889,0.14918958837026164,0.28194018084512784,0.0220779220779221,0.015064935064935225,0.01922077922077947,0.024675324675325072,0.028571428571428914,0.012987012987013324,-0.004675324675324277,0.018441558441558703,-0.02597402597402576,0.0005194805194808083,0.004675324675324832,-0.03506493506493502,-0.009610389610389514,0.020779220779220786,0.10493506493506488,0.09506493506493485,0.09610389610389625,0.08051948051948066,0.12597402597402607,0.12103896103896106,0
FITB,0.0585098039215687,0.08981067924017427,0.03986767153853821,0.06348289562749088,0.05312222593088012,0.0693977512407209,-0.015201920462184715,0.022476750337659723,-0.09786201325178889,-0.08678805110463761,-0.1703021547416964,-0.16936375944074444,-0.003371677905593,-0.0017850059500198467,-0.022213407378024685,0.006545021816739327,-0.02459341531138448,-0.019436731455771628,-0.04323681078936925,-0.024990083300277632,-0.02776675922253058,-0.025188417294724208,-0.012495041650138705,-0.03411344704482322,-0.012693375644585392,-0.028163427211423953,-0.030741769139230435,-0.036096786989289864,-0.05136850456168185,-0.03510511701705665,-0.014280047600158552,-0.021023403411344566,0
USB,0.0824915743041809,0.15771716018757798,0.15527518917022665,0.1469226141019433,0.04350847439936678,0.04846043228246599,-0.0935458655121062,0.008844776571047541,0.05221984872198271,0.02288354604331655,0.002168698333906871,-0.00841268018218655,0.0255199404858168,0.03881359769705983,0.021266617071514338,0.0483822276848771,0.03774622376039116,0.03136893402766616,0.02498625351748296,0.04040387704714843,0.04838222768487732,0.08240342422184188,0.12440297139653556,0.11908766482302147,0.13450528835268694,0.13450528835268694,0.16906017185798605,0.18501148235598608,0.1765048355273806,0.16108721199771536,0.16746450173044058,0.14513590149971534,0
BEN,0.0101200885474725,0.015695474153482714,0.05899991679617633,0.04045405656583756,-0.16231722530061798,-0.14020724539275053,-0.2360126699021765,-0.19166161209886268,-0.09188025424617896,-0.1724931673807032,-0.19635509564710574,-0.2127417251742152,0.0211505277695895,0.03836969373797339,0.03927387383210079,0.06133189371081449,0.05407858086781414,0.05105802319072894,0.03504774269617905,0.04622579331039223,0.03172247963938801,0.056496351815481294,0.07522910863740417,0.05528746634164783,0.06858189453881902,0.060424401601690825,0.08157161735628393,0.08036273188245047,0.06525663148202798,0.05437997423252372,0.07250994432502833,0.06042440160169127,0
PAYX,0.0739889084268903,0.016273915122327454,-0.060962902426969334,-0.15202104522192983,-0.2872100223574753,-0.3643564985962242,-0.3429698560873238,-0.22139766662979743,-0.20227410054702044,-0.24859714399938793,-0.32451539042858224,-0.2996951341306202,0.0247182842602688,0.05343511450381655,0.04507451835696097,0.06179571065067235,0.03816793893129766,0.0388949472918938,0.01781170483460559,0.03853144311159595,0.03344238458742299,0.056343147946201544,0.0806979280261726,0.04034896401308652,0.07997091966557646,0.093420574336605,0.1137768084332973,0.12577244638313378,0.11304980007270138,0.07306434023991337,0.12758996728462435,0.11632133769538422,0
WHR,0.0019893899204241,-0.0013416918279813839,-0.05180580846433325,-0.13201719385474542,-0.23859061791202973,-0.2659307491147701,-0.38512482473796095,-0.3789960580939623,-0.28346723888207015,-0.3134432883380128,-0.3235952169654318,-0.3573828425789233,0.0247564935064934,0.05418019480519476,0.04606331168831157,0.060267857142856984,0.047483766233766156,0.049310064935064846,0.03774350649350633,0.05154220779220764,0.059253246753246724,0.09131493506493493,0.06493506493506462,0.0562094155844155,0.08948863636363624,0.09882305194805174,0.10998376623376616,0.0941558441558441,0.0807629870129869,0.05986201298701288,0.09780844155844148,0.07934253246753231,0
WY,0.0168226294944475,-0.035748492143614974,0.06327440643217419,0.036490003123356374,-0.04630021894873093,-0.11512917024113012,-0.2873813893128656,-0.26549163766627437,-0.14806723540956301,-0.20327724318112284,-0.22426517507875088,-0.20464033732972386,0.019233825435992,0.026970850236292865,0.022579565890175957,0.043904479110032923,0.029687173267534117,0.022997783446949027,0.004598302036719293,0.019233825435992058,0.010244239053155635,0.023625109782108966,0.0347057839488103,0.03177826105139947,0.04390447911003337,0.047877545899377205,0.08718372297269084,0.10160804650579336,0.0815377859562556,0.04014052109907662,0.04955041612646993,0.03846765087198456,0
RTX,0.0185323962018244,-0.0341837488785125,-0.04293667291245129,-0.05545795643263962,-0.031062014411471717,-0.16902252701135978,-0.20302457300009757,-0.1377294580778492,-0.11477334463165456,-0.1405819282587577,-0.122926032914907,-0.19783010965877013,0.0350720963489166,0.036783496303086194,0.023950897324705123,0.05868361436067637,0.03935059623434034,0.04807583532271531,0.04431075542354268,0.056458794420256364,0.04277049546479028,0.07305357261992151,0.08212109169913018,0.06552631349946503,0.03507209634891684,0.04259935546937332,0.04927381529063357,0.04362619544187507,0.04242821547395659,0.03883717624808969,0.052180294534833305,0.05885475435609355,0
HUM,0.0351951032899768,0.2969685776851436,0.20733099402861677,0.24558306512655315,-0.01899375996750674,0.059040827307805355,0.014845924158948032,-0.02285981373470447,-0.1593364182626672,-0.21433310118006277,-0.22677930947820035,-0.2592802769194881,-0.0094736842105263,-0.0189473684210526,0.0031578947368420263,0.015789473684210575,-0.00947368421052619,-0.01684210526315788,-0.028421052631578902,-0.02631578947368418,-0.025263157894736876,0.006315789473684275,0.020000000000000018,-0.012631578947368216,0.03684210526315801,0.014736842105263381,0.06105263157894747,0.09157894736842098,0.11578947368421044,0.09473684210526323,0.07789473684210524,0.12736842105263158,0
HBAN,0.0706521739130434,0.11117813855220726,0.09150159502644284,0.0646389239283538,0.0777421722228564,0.11018441108058541,0.010217830793189275,0.046178487420547976,0.09076787420458832,0.044970144719295835,0.052739439475573135,0.06214383804156598,0.020364415862808,0.024651661307609984,0.01018220793140423,0.011789924973204746,-0.004287245444801635,-0.002679528403000897,-0.030010718113611556,-0.003751339764201167,0.002143622722401206,0.010182207931404452,0.010182207931404452,0.023579849946409714,0.022508038585209222,0.015005359056806444,0.04340836012861771,0.05037513397642068,0.04608788853161894,0.03429796355841441,0.05841371918542393,0.04501607717041867,0
TSN,-0.0436781609195402,0.07089713928978014,0.12983858298192663,0.18805399471523288,-0.024098504341058757,-0.030344273913275877,-0.08982275267242923,-0.13290343133251203,-0.0689954949703041,-0.1170016444266112,-0.1886173755827416,-0.26455959166120435,0.0322164948453609,0.04381443298969079,0.05670103092783507,0.12757731958762886,0.09536082474226815,0.06572164948453607,0.08891752577319578,0.10438144329896915,0.10953608247422664,0.10567010309278357,0.10309278350515472,0.12371134020618557,0.1559278350515465,0.1507731958762888,0.18556701030927836,0.18814432989690744,0.213917525773196,0.204896907216495,0.24742268041237137,0.23582474226804173,0
TXN,0.1133535149680458,0.04351588539277751,-0.034916115025453665,-0.2030491960314721,-0.24387659377576143,-0.35236386510358697,-0.5017924108114573,-0.4732285090313142,-0.33539107602248397,-0.5238291193841281,-0.505155751516839,-0.46593806945277405,0.0475030450669913,0.06942752740560265,0.05054811205846521,0.0809987819732032,0.039585870889159436,0.01218026796589533,0.0036540803897686658,0.02131546894031655,-0.011571254567600553,0.02679658952496955,0.10231425091352042,0.13520097442143753,0.17600487210718652,0.17539585870889196,0.1875761266747873,0.17235079171741852,0.15712545676004952,0.11936662606577442,0.14920828258221785,0.15712545676004974,0
STT,0.0880157170923379,0.010145019084276008,-0.07341880381726618,-0.11234077433844392,-0.15147284996364974,-0.13306141180248365,-0.2117998341658346,-0.16390151639591233,-0.09075805311300278,-0.2223588612150681,-0.2186088151143284,-0.27213687656630436,0.0254716981132074,0.03553459119496849,0.03930817610062887,0.0691823899371069,0.050628930817609996,0.04937106918239009,0.018867924528302105,0.045597484276729716,0.02893081761006311,0.045597484276729716,0.0660377358490567,0.038679245283018915,0.05031446540880502,0.05345911949685522,0.08742138364779861,0.0811320754716982,0.09213836477987414,0.08553459119496853,0.10125786163521999,0.0974842767295594,0
K,-0.0212827988338191,0.04941856316087212,0.06982392411122262,0.04962752171350049,0.014002015366422427,-0.05340189218623681,-0.012103355781304725,-0.055673954851256036,-0.018618494966876842,0.007849690664822662,-0.01802276347126386,-0.13062673999536745,0.0065274151436029,0.013381201044386337,0.009138381201044377,0.04275456919060061,0.022519582245430936,0.02969973890339439,0.019255874673629325,0.03883812010443877,0.028394255874673924,0.03981723237597934,0.021540469973890808,0.005874673629243432,0.01827676240208942,0.010117493472585615,0.04275456919060128,0.043080939947781394,0.05417754569190647,0.04471279373368198,0.06396866840731152,0.0747389033942567,0
LEG,-0.0270694389956844,0.03177716751667359,0.030602468654225667,-0.08373488729069611,-0.12311479213479815,-0.09778255279647019,-0.22906376165121523,-0.19226027288582093,-0.06404139387303631,-0.12414882729403387,-0.2157715563537005,-0.26185707970871763,0.0194279546681057,0.04317323259579031,0.0388559093362113,0.0631408526713435,0.03777657852131666,0.03184025903939558,0.025364274150026844,0.03561791689152716,0.030760928224500717,0.048569886670264184,0.07123583378305431,0.05558553696708013,0.0626011872638963,0.06422018348623815,0.09228278467350215,0.09660010793308138,0.1073934160820289,0.09120345385860751,0.09713977334052859,0.11602806260118714,0
L,-0.0020459965928447,0.024439087480455868,-0.027506788020839612,-0.10034034097867284,-0.1977471010531625,-0.11125762451611854,-0.2706057300096991,-0.26992710406795417,-0.3029870087894053,-0.23952889351599915,-0.2544317892149932,-0.25951405377385484,0.010062893081761,0.027670440251572392,0.0012578616352203476,2.220446049250313e-16,-0.0233962264150942,-0.017610062893081646,-0.02968805031446542,-0.026415094339622525,-0.021132075471698042,0.016855345911949815,0.0357232704402517,0.011572327044025332,0.03521761006289337,0.034968553459119756,0.07295345911949735,0.06616352201257936,0.03773584905660443,0.023899371069183273,0.042264150943397194,0.032955974842768354,0
MKC,0.043469387755102,0.0463259719218152,0.06912529271077328,0.04083086152372073,-0.07864194164728977,-0.052024931072656044,-0.05616456019460947,-0.08336680431127141,-0.01992342807034375,-0.052592647134665604,-0.0872290449813552,-0.06167145824083309,0.0024855012427504,0.009113504556752083,0.0012427506213752437,0.006628003314001596,0.006628003314001596,-0.01035625517812766,-0.004971002485501419,0.011599005799502793,0.012013256006627948,0.029826014913007404,0.027340513670256916,0.006628003314001818,0.020298260149130165,0.01822700911350461,0.033968516984258734,0.019469759734880077,0.006213753106876663,0.006213753106876663,0.03272576636288327,0.033140016570008424,0
NTRS,0.1065905743740796,-0.017514770002488578,-0.03866343243068282,-0.18262274860856575,-0.2619497195048667,-0.2086234573918213,-0.29162972977739665,-0.34365479486027006,-0.26904864924007055,-0.3705197826993729,-0.3917703205316494,-0.42583978960564306,0.034199276553765,0.04965471884248607,0.03387043735613293,0.07629069385070686,0.08385399539625116,0.08520223610654365,0.057218020388030144,0.06872739230516256,0.061164090759618484,0.06741203551463326,0.12199934232160436,0.08122328181519234,0.11443604077606051,0.11114764879973693,0.15225254850378178,0.1519237093061494,0.12762249260111802,0.12923380466951673,0.16014468924695824,0.15093719171325204,0
SPGI,0.0309667673716012,-0.030542785538445805,-0.024671968940909617,-0.07399676440477576,-0.028162711636220195,-0.010847472630059696,-0.037266808814185204,0.012824838223536972,-0.06171273971447644,-0.05937830466649463,-0.08140473618650745,-0.13681206955938474,0.031390134529148,0.041255605381165905,0.036771300448430466,0.05112107623318374,0.04394618834080721,0.039461883408071996,0.016143497757847847,0.0340807174887896,0.020627802690583286,0.042152466367713304,0.07390134529148007,0.044484304932735697,0.06188340807174919,0.042152466367713304,0.07354260089686115,0.05739910313901353,0.04394618834080721,0.041255605381165905,0.07623318385650246,0.05919282511210788,0
GE,-0.0422004581627194,-0.18438424892543104,-0.2000526701371409,-0.2537443383214256,-0.173107617734232,-0.2233409507615387,-0.35102987844596933,-0.3379200873308894,-0.2897307265986441,-0.3733658337434711,-0.41175229373981426,-0.39411681347933647,0.054792345276873,0.06770765472312723,0.07905944625407191,0.1091938110749191,0.09393322475570098,0.0911929967426719,0.06809853420195533,0.0833631921824114,0.07201547231270489,0.09197475570032698,0.10763029315961026,0.08962540716612488,0.11428338762215118,0.09980456026058748,0.13463762214983843,0.13502850162866586,0.13776872964169518,0.12524429967426842,0.16164087947882888,0.14598534201954538,0
MCO,0.1033557046979867,0.1614551113704894,0.28292839824776994,0.3241843944569822,0.3215200395385578,0.3031805777653698,0.30993280873824736,0.2695027837771904,0.19027715744136153,0.09947525348442543,0.10954273773319856,0.16363459533969227,0.0278670953912112,-0.00857449088960327,0.003215434083601254,0.023579849946409492,0.006645230439442651,0.018863879957127683,0.010718113612004476,0.022936763129689508,0.01178992497320519,0.02851018220793189,0.04651661307609922,0.04072883172561692,0.05659163987138327,0.05016077170418076,0.05680600214362341,0.02250803858520989,0.011789924973205634,0.013933547695606396,0.02893890675241262,0.04415862808145876,0
OMC,0.0047897817988291,-0.061479008949359204,-0.07571199547270413,-0.509871591902858,-0.4332159341505719,-0.3487096679223096,-0.3863985500831506,-0.36593416606225515,-0.2512896061172387,-0.3025711399448251,-0.355973043471255,-0.43415343023394837,0.035628576702972,0.05316595901790633,0.06368838840686708,0.10762414620638716,0.09359424035443964,0.07070334133284106,0.05464279121284865,0.08362562303858256,0.09248661620823362,0.09322503230570445,0.13162266937419242,0.10983939449880031,0.13623776998338588,0.1168543474247743,0.15248292412774656,0.16466678973601678,0.18146575595348047,0.1471294074210825,0.16835887022337137,0.14639099132361144,0
ES,0.085792349726776,0.09399732969952246,0.08579234972677607,0.0289044885824008,-0.07896453038188322,-0.03429155251417815,-0.0544337912798154,-0.15844048248144404,-0.1856424062800236,-0.14801346919089364,-0.19776858811609743,-0.21349861580009544,0.0,0.0035335689045936647,-0.009893992932862195,0.009187279151943395,-0.010600706713780883,0.007067137809187329,0.004946996466431264,0.01272084805653706,0.007067137809187329,0.01978798586572439,0.02685512367491172,0.03180212014134276,0.027561837455830407,0.06360424028268552,0.039575971731449,0.03533568904593665,0.03533568904593665,0.04734982332155502,0.06007067137809208,0.0586572438162547,0
WAT,-0.0676666666666666,-0.08631333333333324,-0.09614521212121196,-0.09478909090909071,-0.22716767874231014,-0.15141312593331469,-0.15938596012593453,-0.12714797839055803,-0.07099149407732142,-0.25883497219795093,-0.22346118678012583,-0.22613314828797915,0.0023529411764706,0.00894117647058823,0.0117647058823529,-0.004705882352941226,-0.01741176470588246,-0.01976470588235313,-0.028235294117647136,-0.02023529411764713,-0.030588235294117694,-0.03529411764705892,-0.01741176470588246,-0.03764705882352937,-0.01741176470588235,0.0023529411764706687,0.0997647058823532,0.08611764705882363,0.0800000000000003,0.07764705882352985,0.10117647058823565,0.10823529411764765,0
FCX,0.202730652154494,0.21366844449326283,0.3580682358673406,0.2267971620433864,0.05539287637065815,0.15319077474610965,0.0487845090417951,-0.03213018973006043,0.21967533453313326,0.32039279154677036,0.5066136334989801,0.3690650169356082,-0.0005904059040591,0.02697564575645761,0.017594095940959287,0.02815055350553508,0.038122509225092305,0.06099483394833949,0.08973579335793369,0.08445166051660524,0.08504206642066459,0.05981992619926246,0.09677343173431763,0.09559852398524016,0.06744797047970508,0.0715512915129155,0.07624501845018483,0.055716605166052036,0.03518819188191924,0.024631734317343668,0.02052250922509269,0.014659778597786444,0
ROK,0.0156962025316456,0.10136350850274889,0.15230879239629536,0.04936780638459348,-0.026414021157724177,-0.04354913438534813,-0.15426871828530497,-0.14653337119645093,0.08684044381819156,0.06423005160637119,0.1765229107686741,0.14856988446275743,0.012596899224806,0.026647286821705363,0.023255813953488413,0.04021317829457338,0.015019379844961156,0.01405038759689936,0.015503875968992498,0.03924418604651181,0.013081395348837566,0.03197674418604701,0.02955426356589186,0.017441860465116754,0.037790697674419116,0.007751937984496804,0.09738372093023306,0.08769379844961289,0.06298449612403156,0.05329457364341117,0.0833333333333337,0.08624031007751976,0
FE,-0.0603260869565217,-0.09301039697542546,-0.05294368531382554,-0.08448480207864162,-0.15255592004570218,-0.08007715004961091,-0.14073456296821463,-0.07671644265955502,-0.0859492782329595,-0.06263600943516867,-0.11242013639991699,-0.15943480012191158,0.0333333333333332,0.01619047619047609,0.012698412698412653,0.031746031746031855,-0.0028571428571427804,-0.0031746031746030523,-0.008888888888888724,-0.01111111111111096,-0.01111111111111096,0.02126984126984155,0.025079365079365257,0.019047619047619424,0.020952380952381056,0.022222222222222587,0.03523809523809551,0.04126984126984157,0.06603174603174655,0.056507936507937284,0.07238095238095332,0.07396825396825468,0
SRE,0.1278026905829594,0.15121416360104867,0.11813072744319353,-0.010230680067285114,-0.05693889516523343,0.06806118523975235,-0.12588911745268083,-0.015123921648974581,0.034432399609848785,0.025757914078529343,0.04439229950538892,-0.013038641607941992,0.001997602876548,-0.001198561725928915,-0.0043947263284057625,0.0027966440271676163,0.00719137035557349,0.00479424690371566,-0.011186576108669466,0.016779864163004587,0.03675589292848591,0.04554534558529788,0.07471034758290052,0.05593288054334811,0.05473431881741919,0.05473431881741919,0.06272473032361203,0.06592089492608899,0.08030363563723575,0.07071514182980465,0.08270075908909358,0.07550938873352031,0
VLO,0.1535051924999488,0.0063728911898564,-0.07683048169830153,-0.12433418269334151,-0.21305630473561188,-0.2442454781530352,-0.3742611379148859,-0.17790163463298425,-0.256717572331293,-0.14197283576077313,-0.20335976566856806,-0.09634097148622989,0.002395178197065,-0.01986373165618438,-0.03374737945492645,-0.03685796645702277,-0.08425052410901435,-0.10291928721173971,-0.09477987421383616,-0.10938155136268313,-0.1100995807127878,-0.10507337526205396,-0.10962002096435997,-0.10196016771488414,-0.08257337526205377,-0.08089884696016703,-0.07970125786163451,-0.0962159329140454,-0.09884958071278738,-0.1045938155136259,-0.10842243186582734,-0.12446016771488377,0
SBUX,-0.0182512733446519,-0.02889007619093864,0.031883980310022375,0.05523937904131904,-0.15174655976326412,-0.12654230795295107,-0.09814073217353225,0.04067400508146113,-0.059282624928442273,-0.12855363163825706,-0.03276690331319987,0.0005124004104746227,0.0003874467260751,0.01356063541263075,-0.006586594343277796,0.009298721425804013,-0.018209996125532757,-0.006974041069353065,-0.016272762495156967,-0.000387446726075269,-0.009686168151879282,0.007361487795428001,0.016272762495156856,-0.014645486245641326,0.005811700891127369,-0.02518403719488571,-0.024796590468810553,-0.036419992251065514,-0.06625339015885312,-0.08756296009298725,-0.06509104998062776,-0.0805889190236343,0
VNO,0.0564590179373254,0.05287750508973055,0.060755281039658326,0.09025369903215053,0.027716787465342785,-0.00990298453686489,-0.05195706343761253,-0.1181859716507353,-0.07847536630221352,-0.08706665719911266,-0.1521890675111932,-0.14214063163289636,0.0074648615250698,0.021559110744970855,0.019899820858867212,0.014374035804911367,0.014374035804911367,0.00829256350572627,0.016861027671670303,0.016585127011452094,0.016585127011452094,0.02957577359047825,0.02957577359047825,0.04975149510956345,0.07932726870004214,0.0773920781537194,0.09369741858016112,0.09231791527906785,0.07214219375998221,0.06606072146079689,0.06412553091447504,0.06550503421556764,0
VIAC,0.0346547284915683,0.007486488367238309,0.04727331771473642,-0.055730078869410504,-0.3839280494122681,-0.3600542644187603,-0.3469596105289091,-0.2886159225854745,-0.24829900669066884,-0.3536554779641584,-0.39091856953037585,-0.41319049524680007,0.0796513255228117,0.09070734535567193,0.07596265344476016,0.10841097205006234,0.09144707905154181,0.09218681274741147,0.09513575112959383,0.12241593026510511,0.10546203366788043,0.13348194649926115,0.1179975208924795,0.07891159182694318,0.11430884881442771,0.11282938142268883,0.1821544244072144,0.17699628133871936,0.1666699988004332,0.14823663481146943,0.18068495341677138,0.18436362909352777,0
QCOM,0.1136094674556214,-0.09470454074227652,-0.03751517705260843,-0.18488269307382033,-0.17800280387774614,-0.11543525030882884,-0.10800736084446338,0.0919002093492598,0.32182457061311265,0.14526657439550417,0.1777918949135633,0.08060609514754646,-0.0054794520547946,-0.05342465753424652,-0.047397260273972286,-0.018904109589040763,-0.08657534246575305,-0.10958904109589007,-0.12164383561643799,-0.09999999999999964,-0.12794520547945187,-0.102739726027397,-0.0827397260273971,-0.12191780821917786,-0.09506849315068466,-0.10849315068493126,-0.07643835616438321,-0.08493150684931461,-0.11506849315068457,-0.1501369863013694,-0.13999999999999957,-0.13150684931506795,0
ED,0.0269541778975739,0.06812055868659628,0.07598703921087036,0.02609545196559715,0.05313030219702619,0.008279341091693926,-0.004834476105326946,0.05122075315623431,-0.01841613958279742,0.06408660514087638,-0.010981669913299408,-0.0335325764625074,0.0117004680187207,0.014040561622465031,0.01664066562662514,0.027301092043681807,0.014560582423297275,0.020020800832033503,0.011700468018721155,0.026521060842433997,0.02730109204368203,0.028341133645346073,0.025481019240769953,0.0218408736349458,0.016640665626625584,0.0013000520020804984,0.01326053042121722,0.011700468018721155,0.01846073842953766,0.012740509620385199,0.022100884035361812,0.017940717628705638,0
WM,0.0310253499810821,0.0058225080926557204,0.04384982408859717,-0.009388418305721014,-0.09989343037606191,-0.009103460366374772,-0.07569170782975443,-0.09302741322425179,-0.008694874453875179,-0.09298548991947375,-0.09534648213660313,-0.21693758131876473,0.0033050047214353,0.03305004721435312,0.007082152974504208,0.017469310670443994,-0.0037771482530687406,-0.008970727101038634,-0.012275731822473768,-0.0014164305949007083,-0.015580736543909013,0.012747875354107707,0.026912181303116123,0.0014164305949009304,0.008498583569405138,-0.012275731822473879,0.014164305949008638,0.0009442870632674349,-0.014636449480641689,-0.02407932011331393,0.014164305949009082,0.013692162417375364,0
MS,0.1648373983739837,-0.025831744647625388,-0.06766970761433788,-0.1153130177098165,-0.18107089388830222,0.05981979439841645,0.039267572625712344,0.43230502572920426,1.0223932385764423,1.1140072815912956,1.4031456500392951,1.8077335828772365,0.0548115851759576,0.08159451884148239,0.0884459669884774,0.12052320149486162,0.09062597321706689,0.09062597321706689,0.07661164746185034,0.0903145437558397,0.07256306446589877,0.10650887573964529,0.14979757085020284,0.14668327623793265,0.16754905014014376,0.14512612893179755,0.19993771410775518,0.22547492992837204,0.19557770165057686,0.16350046714419264,0.18000622858922521,0.1497975708502033,0
MAR,0.1322422477254201,0.09824859882524173,0.0039167016577648095,-0.05797684905397538,-0.17279568603102713,-0.19180992013278397,-0.28415953268155736,-0.24639284829227004,-0.10671551216486619,-0.18415328336169456,-0.23098443486639508,-0.2587025212932105,0.0169775267035052,0.034265190901299425,0.03049351879333151,0.06413176508251994,0.04841479722677078,0.05092924529874954,0.03112379821721012,0.04149506281117987,0.053130221064672245,0.06570246142456515,0.0892795806140727,0.06884718892042185,0.09745320425388626,0.11034225173160128,0.13046117111919675,0.11568795499338114,0.11600142729943674,0.09556903560578589,0.11600142729943697,0.12826353016504077,0
PNW,0.1120647376164787,0.07454634624816081,-0.019338931785808144,-0.034252999390162575,-0.1676705191195318,-0.18090933855032587,-0.318202196046688,-0.301034625443547,-0.2010402907205242,-0.15806687822759402,-0.23067712692254494,-0.2457425186585721,0.0065769805680118,-0.0011958146487297538,-1.1102230246251565e-16,0.015844544095664714,-0.0053811659192826156,-0.0038863976083708396,-0.008071748878923812,-0.0020926756352765974,-0.043348281016442614,-0.014648729446935849,-0.007473841554559102,-0.007772795216741679,-0.0008968609865471766,-0.001494768310911998,0.009267563527653122,0.014349775784753271,0.016143497757847403,0.010463378176382543,0.01644245142002987,0.0008968609865469546,0
PPL,0.2094662638469284,0.1633708654467818,0.07920428978184457,-0.0011176700245967286,-0.0020224311601796385,0.10195922827884485,-0.009454575578304314,0.05226260983380615,0.01713572274548647,0.05139303661065542,0.053501766056715416,0.06104229358667168,0.0083816038247088,-0.004467780199665317,-0.02094798829465694,0.019554064957429507,-0.005584725249581646,-0.006981659220366421,0.004190801912354214,0.002793867941569328,-0.010335505003673084,-0.001396933970785108,0.01927407603656106,0.01145245005358908,0.01536326304507507,-0.00418779127879676,0.01704018593672818,0.02374486686978372,0.04078204217295456,0.025141800840568607,0.04329592119365566,0.012849384024373744,0
DRI,-0.0426881468350029,-0.045080437476253565,-0.09785116148172024,-0.10473695949803363,-0.15324018290208397,-0.06253006881112833,-0.09645093866683374,-0.2939732461809912,-0.1962456405418872,-0.2442827817471318,-0.2012140537609658,-0.34860725596677133,-0.0033637132387484,0.02635848288389875,0.020188543330514674,0.03757712424441739,0.013461116853017874,0.04318331297566491,0.023552256569263186,0.05159572802154799,0.0342134110056691,0.05776566757493229,0.07346925992044895,0.06505684487456609,0.09814901813398569,0.09927025588023497,0.0863728898493541,0.0712267844279506,0.0841241504588317,0.08076043722008319,0.10880390867236822,-0.01850981866015078,0
ETR,0.051089588377724,0.12504168167765606,0.06774564437167263,0.030357552231327523,-0.0160133932154638,0.02403539566451851,0.015733725790271214,0.0791253004841701,0.07617216397201254,0.11253262937605579,0.07738726308857702,0.09055532963743729,0.0070700769390725,0.010605115408608867,-0.0008317737575380679,0.018922852983988214,-0.010189228529839944,-0.01954668330214193,-0.02162611769598677,-0.01954668330214182,-0.038261592846745685,-0.023705552089831494,-0.0022873778332294092,-0.007070076939072467,-0.0008317737575378459,-0.030983572468288423,-0.00395092534830499,-0.00270326471199811,0.006446246620919194,-0.00020794343938446147,-0.0008317737575379569,-0.018091079226450257,0
IP,-0.0334820258346572,-0.06920547342654881,-0.04369028739511738,-0.036392199248546864,-0.119327818086576,-0.16732145155751987,-0.25260433649554603,-0.22989695832060808,-0.12386814741287311,-0.22532663056133584,-0.21005778554638233,-0.2237972204727331,0.0235294468625912,0.0300002684988232,0.029117205702915205,0.054412778157322705,0.02823414290700721,0.021175607180255573,0.0067631870213640255,0.00441233065928448,-0.0076462498172711335,-0.008824661318567184,0.0017631422715604916,-0.01647091113583876,0.0014707768864290482,-0.007353884432138913,0.03676345552018745,0.05264665256550716,0.046763545019795405,0.042646563065899645,0.05882212549635102,0.06176367926920734,0
COP,0.0545750525374371,0.002132470246453133,-0.03249963869430483,-0.010311498700961264,-0.12971166686882774,-0.10450644598506598,-0.2124831815402063,-0.16968333003947556,-0.18149607108753096,-0.19168527127236668,-0.20178887945861734,-0.1602141613864193,0.0037183513439706,-0.0066905941559707305,-0.014868528849529827,-0.015799945382904634,-0.04832637615573654,-0.045539441345140874,-0.05390268404010423,-0.05018433269613365,-0.05204472749970712,-0.045539441345140874,-0.04646841961533943,-0.05631900284789104,-0.05111574922950857,-0.05074269496352346,-0.039034155190574404,-0.04237945226855966,-0.05427573830608934,-0.06877365115281031,-0.05576064058050101,-0.0700732454258175,0
AEP,0.0510832383124286,0.04446978335233731,-0.026391931879464092,-0.09026862278347292,-0.25151850939510245,-0.2265691263749391,-0.33682664038945886,-0.4069143725003741,-0.34286574917975166,-0.3635903942268821,-0.4549675529963363,-0.49742562676800195,-0.0043290043290044,-0.0051948051948051965,0.0021645021645020357,0.030303030303030276,0.02510822510822508,0.02467532467532485,0.029870129870130047,0.038961038961039085,0.038961038961039085,0.051948051948051965,0.0714285714285714,0.07445887445887434,0.08225108225108224,0.0670995670995671,0.07532467532467546,0.06926406926406958,0.10303030303030347,0.08961038961039014,0.11255411255411296,0.13419913419913443,0
CVS,0.2529197080291971,0.21941139025632328,0.17361018118720062,0.12226473576026065,0.05581485009024534,0.07371620914021859,-0.07351333569935548,0.03261556274344368,-0.0008385051640112939,-0.08275505418916773,-0.18475125052098118,-0.11740461469445351,0.0,0.021867115222876432,0.027754415475189198,0.03868797308662719,0.02691337258200166,0.015979814970563666,0.004205214465937912,0.007569386038688286,0.004625735912531903,0.025231286795626806,0.01976450798990781,-0.05382674516400299,-0.018082422203531845,-0.03490328006728305,-0.008410428931875269,-0.017661900756938187,-0.01177460050462531,0.007569386038688508,0.013456686291001274,0.026072329688814566,0
XEL,0.0833333333333334,0.09539430086149792,-0.07504819153188258,-0.2818776931476701,-0.7061651231221507,-0.5973837006184364,-0.6020851648362677,-0.5602216487032077,-0.5436502905384009,-0.524185137054257,-0.5237529709662045,-0.5237529709662045,-0.0039032006245121,0.010148321623731471,0.006245120999219589,0.009367681498829272,-0.004683840749414303,0.0031225604996099054,4.440892098500626e-16,0.007025761124122232,-0.0015612802498045086,0.006245120999219811,0.01483216237314644,0.01327088212334182,0.01327088212334182,0.0124902419984394,0.018735362997658767,0.0312256049960975,0.043715846994536234,0.050741608118658243,0.061670569867292135,0.05620608899297541,0
SO,0.0351699882766705,0.11585814325641097,0.0683748180114574,0.08420259309310874,0.14844867976517007,0.17939977893614656,0.1664304342880516,0.20455437755059558,0.05813104488662124,0.133597749597403,0.11890149285770324,0.11102467840604735,0.0,-0.005594405594405605,-0.016783216783216814,0.002447552447552459,-0.012237762237762295,-0.012937062937062982,-0.02027972027972036,-0.01573426573426595,-0.020979020979021157,0.0010489510489508636,0.005244755244754984,-0.0013986013986017065,0.004895104895104474,-0.0020979020979025043,0.005594405594405272,0.0013986013986009294,0.015384615384614886,0.011538461538461053,0.01923076923076872,0.01923076923076872,0
PEP,0.0109933254809579,0.015886807211262788,0.016473459842953453,-0.05234002389883252,-0.15733030909537937,-0.22385686364048107,-0.2748801798107654,-0.1359690875345786,-0.16105067059357492,-0.1663817206980639,-0.19883979235179539,-0.23782375478949347,0.0037499999999999,-0.012250000000000094,-0.03749999999999998,-0.02300000000000002,-0.022499999999999853,0.0015000000000002789,-0.006249999999999645,0.003750000000000364,4.440892098500626e-16,0.025000000000000355,0.01875000000000049,0.03375000000000061,0.06250000000000067,0.04900000000000082,0.07200000000000095,0.07000000000000095,0.08075000000000099,0.07350000000000101,0.08125000000000115,0.07375000000000131,0
CVX,0.0690431075319752,0.030307078516145225,0.03660392758917985,0.043086385351249756,-0.1160284869904662,-0.0815086502790432,-0.15474384095446814,-0.1814870923716566,-0.19018567972947809,-0.19886226173237642,-0.23224300082686067,-0.23510376281725887,0.0162012035179754,-0.0009257830581701487,-0.0009257830581701487,0.014503934577997146,-0.010955099521678835,-0.002468754821786545,-0.010183613639870193,-0.013115259990742034,-0.019132849868847113,-0.01481252893072027,-0.006326184230828202,-0.020984415985187188,-0.005863292701743239,-0.013115259990741812,0.001388674587255334,-0.010183613639870193,-0.01712698657614542,-0.021293010337910645,-0.02391606233605903,-0.027927788921462526,0
PFE,-0.0347348380996793,-0.11507387226574994,-0.1657101940069715,-0.1616394522475354,-0.2251162391741608,-0.20616013890050577,-0.29333504862241855,-0.2453545493972783,-0.25058486965735816,-0.2840751365059685,-0.2929247254143227,-0.3055013621777498,0.0332250457944964,0.0440976544446805,0.04793663323584063,0.06808283828048811,0.0393006176775188,0.034186477214075195,0.010521770518127083,0.022035333448030103,0.008922758262406294,0.027149473911473487,0.03450358091035688,0.004446198635104093,0.010521770518126639,0.010521770518126639,0.016917819541008683,-0.008666376550519495,-0.0006713152719168836,-0.023695067688145777,-0.011864401061960517,-0.01474194843354193,0
KR,0.0049886621315191,0.030792425078139285,0.016242201168787718,-0.09918842747176493,-0.12479753452119591,-0.17713673552486864,-0.3607508523912202,-0.32325555188770094,-0.28024407242687865,-0.30671888522414426,-0.33365528522498955,-0.41506791969949275,0.0219696969696969,0.031818181818181746,0.017424242424242564,0.059090909090909305,0.04166666666666696,0.0363636363636366,0.01969696969696999,0.0446969696969699,0.034090909090909394,0.06287878787878798,0.04166666666666674,0.04166666666666674,0.06439393939393967,0.04545454545454586,0.06590909090909136,0.06818181818181857,0.07424242424242466,0.07575757575757613,0.09469696969697017,0.0909090909090915,0
PPG,0.0647663370176458,0.014349427961993566,0.11112069522733314,0.19406894157242904,0.10726263725779361,0.08546460972989633,-0.13387597188635547,-0.09980523663680219,-0.03979225241258899,-0.047767084407580374,-0.0774298954686935,-0.1228021956915446,0.0363836824696801,0.04851157662624006,0.025358324145534628,0.036383682469680156,0.030871003307607392,0.013230429988974501,-0.007056229327453312,0.01984564498346164,0.005953693495038159,0.009261300992281951,0.025358324145534406,0.003307607497243348,0.021609702315324997,0.013230429988974723,0.03969128996692395,0.055126791620727866,0.04674751929437737,0.023153252480705877,0.055126791620727866,0.0566703417861083,0
IBM,0.0547667342799189,-0.15050709939148055,-0.18495284610667384,-0.2732706491601302,-0.2895188682248738,-0.2392604018010085,-0.40217350443418876,-0.202830683108697,-0.12180029120162172,-0.23182305381631685,-0.23767211685832457,-0.2401092264591611,0.0178343949044585,0.048662420382165505,0.049044585987261025,0.05222929936305731,0.02700636942675194,0.015286624203822097,0.00764331210191127,0.02038216560509598,4.440892098500626e-16,0.020000000000000462,0.06216560509554192,0.055796178343949565,0.07515923566879046,0.061910828025478315,0.08585987261146566,0.07834394904458675,0.08547770700636992,0.0707006369426757,0.08713375796178413,0.09121019108280315,0
PG,0.0598815883380874,0.07067566585630791,0.055935448694020895,0.05818691020509559,0.054041338024977126,0.05297233058276141,0.06152342552997081,0.04906979875001016,0.009998520368318387,0.03789636303304178,0.03150745394584664,-0.013099577138768081,0.0104435710275128,0.011903425042111282,-0.0028074115665354116,0.015272318921954131,-0.00033688938798404067,0.0016844469399215356,0.0026951151038745458,0.001122964626614431,0.0016844469399215356,0.003930376193150176,0.007186973610331604,0.0005614823133075486,0.005614823133071711,-0.002245929253227974,0.02055025266704158,0.0016844469399219797,0.0028074115665361887,0.003705783267827778,0.017405951712521794,0.00965749578888353,0
DTE,0.0985031385803958,0.10190558192998123,0.1424275860505786,0.0897001590020905,0.006406279881074006,0.05431868822502173,0.011569321328580795,0.11112449935945712,0.09094460811970628,0.1367579118965725,0.02479336917643704,0.009687047519532754,0.0103092783505156,0.00489690721649505,0.012886597938144506,0.04304123711340235,0.0188144329896911,0.02164948453608284,0.028092783505154983,0.018298969072165328,0.0007731958762891011,0.0007731958762891011,0.02190721649484595,0.007731958762887237,0.012628865979382065,0.00515463917525838,0.009793814432990322,0.023195876288660378,0.03840206185567041,0.035309278350516005,0.050257731958763374,0.048453608247423174,0
KMB,0.0237537075781637,0.05152809129153657,0.050233634524602166,0.002996263248472797,-0.03603146537591273,-0.05293438230234038,-0.09487537416091885,-0.17724830494673804,-0.1908243093836679,-0.24320105875011833,-0.26624016614822243,-0.2739757251410251,0.011077876697189,0.012408820915106311,0.005316722397016305,0.035895518527401915,0.007976259341300196,0.017504503106320346,0.007089747026538973,0.016617990791559123,0.022823576994887906,0.031686348650949325,0.03766854315692458,0.023931129515451843,0.03190738885675204,0.03279390117151326,0.07888313557289428,0.08065616020241673,0.07821766346393555,0.06979932371103037,0.08796929892630945,0.09683207058237087,0
CAT,0.0261732851985561,-0.016673950218506484,-0.05898109443283284,-0.12294601242359415,-0.20316436494582635,-0.216803893834141,-0.33140919560795246,-0.26875677752569893,-0.10566086270912678,-0.19446049336212134,-0.22899613706346233,-0.18292713510671332,0.0335365853658535,0.060975609756097615,0.05284552845528445,0.06686991869918679,0.05589430894308922,0.06300813008130035,0.05101626016260119,0.0873983739837394,0.07256097560975583,0.08028455284552805,0.08231707317073145,0.02499999999999991,0.060975609756097615,0.04065040650406515,0.07134146341463432,0.0630081300813008,0.07215447154471555,0.050813008130081494,0.07337398373983772,0.06443089430894333,0
HIG,0.018236173393124,0.03693999729821451,-0.01243809781122407,-0.11216468143361302,-0.2346768804180719,-0.2455368064350011,-0.37509109219868775,-0.4044897018539968,-0.2603611334925844,-0.32796412589136215,-0.39067967733634923,-0.47206850700629,0.0378681626928472,0.04572230014025247,0.05245441795231409,0.09817671809256656,0.0807854137447408,0.07994389901823307,0.06816269284712506,0.07713884992987396,0.08555399719495127,0.12061711079943938,0.12959326788218828,0.10659186535764431,0.12510518934081394,0.12903225806451646,0.1879382889200567,0.1360448807854142,0.1382889200561015,0.1267882187938294,0.14922861150070177,0.13997194950911718,0
CPB,0.005251312828207,0.03873460880190116,0.06319756154542411,0.04394904339177952,-0.11613325904693084,-0.1218233882805343,-0.15695045274931296,-0.20164041077967287,-0.08188647239662383,-0.1095816325268083,-0.09676985745525168,-0.22654858974491832,0.0274881516587677,0.04502369668246442,0.02180094786729847,0.03696682464454959,0.02322274881516595,0.018483412322275017,0.012796208530805986,0.022274881516588074,0.008056872037915275,0.029857819905213745,0.045023696682464864,0.022748815165877012,0.04265402843601929,0.024644549763033652,0.05165876777251244,0.035545023696683,0.04123222748815203,0.03507109004739384,0.05781990521327063,0.05355450236966863,0
KO,0.112862010221465,0.1879801959114138,0.18371914786295118,0.20743665355783736,0.07198909295428257,0.09671903190909559,0.04362390417381401,0.0022239476446048734,-0.01588853333692386,-0.06575472718689346,-0.14383774092823798,-0.15080527595890825,0.0160493827160492,0.023456790123456805,0.0160493827160495,0.050617283950617376,0.03580246913580276,0.03654320987654347,0.03333333333333366,0.030864197530864557,0.022962962962963518,0.04938271604938338,0.0037037037037042086,-0.017283950617283383,0.0012345679012353283,-0.014814814814813948,-0.00543209876543127,-0.013580246913579397,-0.011111111111110406,-0.016296296296295365,-0.004197530864196719,0.002962962962963722,0
CL,0.0169039145907472,-0.0526172844911158,-0.035896673289869785,-0.10559088967855401,-0.08601178477599492,-0.02810804794406474,-0.02084835082319858,-0.00307856163443454,-0.07239194789776537,-0.053803693157195354,-0.08280933013390746,-0.09963194924950014,0.0146788990825688,0.0174311926605506,0.012844036697247985,0.022935779816513957,0.005504587155963581,0.018348623853211343,0.019266055045871866,0.027522935779816793,0.019266055045871866,0.038899082568807586,0.045871559633027914,0.009174311926605894,0.027522935779816793,0.03853211009174329,0.04715596330275229,0.051743119266055126,0.04862385321100926,0.04073394495412863,0.05045871559633053,0.05522935779816529,0
NSC,-0.0024999999999999,-0.09804113924050628,-0.10648249497994933,-0.024722723278768344,-0.15165958532624835,-0.12533177935361473,-0.1550453887631329,-0.15920772674952144,-0.17262685530015254,-0.1629964998709541,-0.18452181243609267,-0.21181469295293742,0.0301724137931036,0.0237068965517242,0.008620689655172376,0.053879310344827624,0.056034482758620774,0.047952586206896575,0.03340517241379337,0.061961206896552046,0.0641163793103452,0.0641163793103452,0.07165948275862122,0.06142241379310387,0.0721982758620694,0.0765086206896557,0.08943965517241437,0.10452586206896597,0.11045258620689702,0.10883620689655205,0.14762931034482807,0.13685344827586277,0
PEG,0.0860801517666587,0.10515510503588676,0.07964235503829453,0.034259158698189074,-0.1785366911948867,-0.16308224399594817,-0.2311448325866392,-0.29057325132390377,-0.25210433607879146,-0.1932980237946642,-0.1215911814653009,-0.1377750174076917,0.01,0.014324324324324289,-0.004054054054053902,0.011081081081081301,0.011081081081081301,0.008648648648649226,-0.005405405405404906,0.009459459459459918,-0.0008108108108103584,0.0027027027027033412,0.032972972972973524,0.02135135135135191,0.02702702702702764,0.029729729729730536,0.03783783783783856,0.030000000000000693,0.047297297297298035,0.03783783783783856,0.06135135135135217,0.03783783783783856,0
BMY,-0.1385106382978722,-0.3805020320344249,-0.3270933066984747,-0.43299337646396063,-0.4870669811023396,-0.4530906486539903,-0.46101687113726575,-0.44961100409494237,-0.40950168455530256,-0.4899240297557931,-0.4901401636414898,-0.500641690325629,0.0295497185741087,0.025797373358348974,0.04221388367729806,0.07973733583489673,0.0511257035647279,0.05534709193245768,0.03658536585365857,0.045966228893058236,0.04268292682926855,0.056285178236398004,0.06707317073170782,0.03470919324577926,0.06660412757973799,0.07082551594746778,0.11866791744840599,0.15150093808630483,0.15853658536585447,0.13508442776735552,0.1772983114446538,0.18198874296435363,0
DE,-0.0530145530145531,-0.06964291907224329,-0.015162549468365594,0.0058361168542706565,-0.1174517930629263,-0.03645711691511122,-0.045903615768884465,-0.03466671178884517,0.06599304170985687,-0.052794942589206584,-0.1310423168970546,-0.1479272766161166,0.0303107488537952,0.07106469689251127,0.06877228731533358,0.07997962302598038,0.050433010697911396,0.06902699949057567,0.04661232806928184,0.06444218033622007,0.04279164544065206,0.04482934284258788,0.049414161996943484,0.031584309730005034,0.061130922058074244,0.050433010697911396,0.09042282221090181,0.09016811003565972,0.0939887926642895,0.08762098828324016,0.11029037187977608,0.11181864493122773,0
SEE,0.0450610432852387,-0.008224414626054388,-0.006892874345847622,-0.10930013474181022,-0.6798771771398784,-0.6831499983320585,-0.654512812900482,-0.6871829960777415,-0.21999937664293223,-0.23537389615719762,-0.2273855709362308,-0.25609967236148357,0.0002491280518186,0.021425012456402603,0.01644245142002987,0.027653213751868355,0.026407573492775338,0.014200298953662038,-0.008968609865470878,0.017937219730941534,0.010214250124563895,0.016940707523667164,0.03363228699551568,0.01519681116093663,0.020926756352765308,0.01195814648729443,0.03388141504733433,0.03961136023916301,0.04260089686098678,0.04185351270553084,0.05655206776283017,0.042102640757349485,0
BA,0.0365198711063372,-0.041890440386680994,-0.08990261208222594,-0.056350634647469255,-0.12874534913415425,-0.21225829493666093,-0.26941238060294115,-0.3666963380809294,-0.2761332766584642,-0.30981609239776686,-0.33930576844986227,-0.4107206141902332,0.0240441466298777,0.06188411509657055,0.05597162002364975,0.08080409932991706,0.0701616081986598,0.07843910130074905,0.08316909735908573,0.06779661016949179,0.04375246353961404,0.06030744974379232,0.07843910130074949,0.05005912495072984,0.050453291288924396,0.048482459597950944,0.10366574694521136,0.10130074891604313,0.096964919195901,0.05597162002365019,0.0792274339771386,0.08001576665352794,0
HSY,-0.0271114265436479,-0.03491724296087584,-0.04733768672750338,-0.10772674090317635,0.11655119471669484,0.10200329641419725,-0.08948995282954797,-0.04517503997773886,-0.05413570498717846,-0.011021890609849927,-0.05651400598040712,-0.05855397569720622,0.0127388535031847,0.022292993630573354,0.014012738853503404,0.0238853503184715,0.013853503184713567,0.028821656050955546,0.014808917197452365,0.015923566878981,0.010350318471337827,0.025955414012739153,0.027070063694267787,0.001273885350318693,0.023566878980892048,0.010987261146497174,0.02468152866242046,0.024522292993630845,0.031050955414012815,0.028821656050955546,0.037261146496815334,0.039808917197452276,0
EXC,0.06579476861167,0.10761063991605124,0.09108827125432017,0.06264276697580917,-0.0033914393850202895,-0.04675765458644843,-0.012453404424346837,0.03476815835785674,0.03209487019039803,0.06374309179584592,0.018354053856436847,-0.018586240254041764,0.0311446141638562,0.006347946835945084,-0.01051378694703442,0.013687760365006962,-0.004165840111088892,-0.001190240031739509,-0.004165840111088781,0.00773656020630864,-0.00456258678833521,0.009720293592541562,0.020035707200952713,0.013291013687760866,0.019242213846459633,0.018448720491966553,0.012100773656021468,0.005752826820076162,0.017853600476096743,0.022614560603055445,0.02856576076175421,0.05137869470343248,0
XOM,0.049820359281437,-0.04589855582951752,-0.04518118632262247,-0.023220353608042643,-0.1192931125492187,-0.1142961940388596,-0.17506711211210568,-0.13712737705697575,-0.11159860123025911,-0.11690626250313663,-0.13835282469948895,-0.141884165581868,0.0198581560283688,0.01304964539007103,0.0002836879432626116,0.02070921985815599,-0.007092198581560183,-0.00992907801418419,-0.021560283687942938,-0.018439716312056542,-0.028085106382978564,-0.010212765957446579,-0.0022695035460990054,-0.022127659574467717,-0.004255319148935843,-0.015886524822694703,-0.0022695035460988944,-0.005673758865247902,-0.00709219858155985,-0.010496453900708747,4.440892098500626e-16,-0.015035460992907312,0
EIX,0.0521356783919597,0.14692267644528934,0.1889765079149499,0.0832047499761066,-0.1583640436128707,-0.22440009557555307,-0.342711945403011,-0.339425505130026,-0.31853291645506865,-0.278983487499336,-0.26406178815122616,-0.25441013947124225,0.014760147601476,-0.004428044280442633,-0.011070110701106861,0.028044280442804492,0.0022140221402213722,0.0,0.0177121771217712,0.02952029520295185,0.01697416974169741,0.02878228782287806,0.04280442804428031,0.015498154981549606,0.03837638376383734,0.02952029520295163,0.04428044280442789,0.05461254612546096,0.0686346863468632,0.05239852398523959,0.08487084870848682,0.05239852398523959,0
F,0.0993352480347342,0.1055542747040552,0.22185176841207932,0.10450094294710532,-0.07015003572527523,-0.1814228504172033,-0.30243466449633305,-0.3903517999697579,-0.17700893785430316,-0.3430216661715054,-0.3699959628883087,-0.42462293505707993,0.0402611681982922,0.0644232988095399,0.07381666644042961,0.10602831584519956,0.0805359106272654,0.0805359106272654,0.0711425429963759,0.0711425429963759,0.09261697593288942,0.10335419240114585,0.24160773188179596,0.23892003420706165,0.29932536073518046,0.33019316130258347,0.39864800662422484,0.4389227490531977,0.369124054894189,0.33824268009610603,0.36509250838208773,0.3758297248503444,0
GD,0.0273373428102787,0.05941776541104571,0.10157547493903052,0.16165148001750995,-0.12271733305630517,-0.14743562866470372,-0.11103768819615845,-0.13508437559279496,-0.10713082879636449,-0.1303592328085339,-0.2753176219976873,-0.3507985227450182,-0.0003631741420011,0.021427274378064354,0.004721263846014345,-0.010350463047030911,0.0010895224260034642,-0.010350463047030911,-0.01852188124205556,-0.016887597603050586,-0.02215362266206633,0.009624114763028935,0.018703468313056026,0.06500817141819493,0.0808062465952426,0.0976938441982933,0.12892682041038683,0.1340112583984021,0.12674777555838013,0.12384238242237156,0.1249319048483748,0.1374614127474123,0
HAL,0.024609843937575,0.013868447786802518,0.11285560393166794,-0.04113954990968727,-0.19892671258277672,-0.07755197206501552,-0.1964369743157457,0.007099129014038308,0.33489022804216595,0.18932362698423444,0.17121843791203362,0.2416999242332707,0.0135004821600772,0.024590163934426368,0.002892960462873795,0.0077145612343298975,0.007232401157184487,0.01012536162005806,0.012536162005786,0.03423336547733857,0.04869816779170688,0.040983606557377206,0.0014464802314371195,-0.029411764705882026,0.010125361620058282,-0.0014464802314363423,0.017357762777242547,0.03664416586306696,0.03953712632594053,0.024108003857280957,0.025072324011572222,0.013500482160077487,0
MO,0.0028581481915883,0.03244459445154391,0.08354064590914101,-0.17328957310823967,-0.3579526477867562,-0.3021562641623112,-0.45838975636221857,-0.4379940175783935,-0.47868655578041686,-0.4468642107403026,-0.48323176289896597,-0.47563696985174664,-0.027578705842037,0.048244111029992265,-1.1102230246251565e-16,-0.02160406454400543,0.02619306584024894,0.06755367492587538,0.06387353427596554,0.03814234843631259,0.04319322973315254,0.13051834855550748,0.11625966595646431,0.09696500141543885,0.10983804401269426,0.11396516530834222,0.12774706855193152,0.1369399704992773,0.08731021946749706,0.06065527362665213,0.07536093687143364,0.05238613168049833,0
UNP,0.0242294379429701,-0.05018396611982523,0.015126246331970572,0.05497107682521096,-0.02296522372004539,0.011272747072670786,-0.03188827339792455,-0.022284975956002318,-0.037250001834226776,-0.014703548885729223,-0.0648533682538206,-0.09087999637006094,0.0337591240875911,0.05474452554744502,0.033759124087590964,0.0656934306569339,0.05693430656934262,0.05547445255474415,0.04470802919708006,0.053832116788320894,0.041058394160583545,0.06040145985401435,0.07627737226277342,0.05346715328467133,0.07208029197080279,0.06259124087591239,0.0830291970802921,0.07937956204379581,0.07572992700729952,0.08321167883211689,0.0937956204379562,0.09032846715328469,0
MRK,-0.061602429788631,-0.11517421566010089,-0.065244674357115,-0.17027015884438357,-0.23353136515645823,-0.21551144368628983,-0.2747637252037487,-0.15050393125756079,-0.05669225146848211,-0.11661730061408382,-0.15028176155494233,-0.1908997641957052,0.0208697653943548,0.029676059239036157,0.018955441485903002,0.050737660890039615,0.031208729963208004,0.02910256979810777,0.00995529205555612,0.017806443275028894,0.00574297172535565,0.02814540784388231,0.0361863759909864,0.018379932715957725,0.02182692734858116,0.04269669274293597,0.071415590027746,0.04480083357901887,0.05533163440452049,0.018188096459309078,0.0361863759909864,0.04537634234896504,0
HON,-0.0072644041471955,-0.04851019768661702,0.00806503225569899,-0.09402916253373172,-0.16783304109007058,-0.22980809363813004,-0.43735855953536784,-0.39051344680421984,-0.33110807239058127,-0.40321937963163923,-0.4200664362003209,-0.4577342844006381,0.0264570294904109,0.030563835191059985,0.040143187111243206,0.06706025551327865,0.029193302600178272,0.026457029490411177,0.027372315241664502,0.015051898139718078,-0.01414619653245619,0.01733292440985701,0.021894976950134426,0.00364676678902498,0.03421539405208107,0.02919330260017916,0.06067242354249225,0.05976192986323503,0.06067242354249225,0.040143187111244094,0.06249820297300235,0.07207755489318557,0
ABT,-0.0763831398382723,-0.0526772157113542,-0.1682451333363707,-0.34349045549341284,-0.28608058862226493,-0.30719537106158246,-0.29140937367862785,-0.26707704337931204,-0.22306613686031107,-0.29369433596990335,-0.33683821830995686,-0.37755542475282855,0.0539604666080635,0.07070989047539866,0.05263001591789229,0.08718609679028777,0.07123850704426116,0.07389940842460385,0.06911216174479118,0.06140267515620956,0.04545508541018317,0.06326768192725307,0.05821315720700415,0.02817704497398532,0.053693188567627725,0.03269701361336219,0.047314152669217124,0.05794587916656835,0.06538808771471394,0.04465919080088421,0.0733648523437318,0.07389940842460407,0
HWM,0.0112523549271603,-0.08815821379940691,-0.06187649222874503,-0.11474992504313886,-0.28305071592341113,-0.3325334900195809,-0.4731227688635048,-0.40699119237073245,-0.3097322375504399,-0.40097928840390085,-0.48577250523443405,-0.4702665767714952,0.0294093876561392,0.050054328792463965,0.03715011808654878,0.14551136414658883,0.12228917285535945,0.12487540297596045,0.11455742239064626,0.11661383453515195,0.09804326547472608,0.13519338356127486,0.1656354672725151,0.15428479063209988,0.17183164360312153,0.17131080559272283,0.17234350164782386,0.16151366301780756,0.13622607961637634,0.1351933835612753,0.16099282500740908,0.17905153602313306,0
SHW,0.0953846153846156,0.18525243770314215,0.21801551321688728,0.14964378147529,0.10836462556325777,0.03909183646555414,-0.08867797453687698,0.052561545456774494,0.12016793486595834,0.09119807448149397,0.019983042252175398,0.019601169155113674,0.0346124905944318,0.04589917231000751,0.04251316779533476,0.05718585402558296,0.025206922498118844,0.03085026335590646,0.01015801354401824,0.03386004514672658,0.016553799849510664,0.030474040632054278,0.050790067720090315,0.03649360421369452,0.03950338600451464,0.03461249059443183,0.05869074492099324,0.048532731376975,0.03649360421369452,0.030850263355906904,0.05116629044394316,0.047027840481565386,0
EMR,-0.0105172413793103,-0.07073905923027934,0.004817671467819418,-0.07072600068712387,-0.11518388590934325,-0.15036751879247556,-0.2197941227950132,-0.15830006350792059,-0.0807402787840431,-0.12052009738793212,-0.19149869089942517,-0.19167042014944646,0.0336856010568031,0.06120651695288415,0.05394099515631856,0.05284015852047541,0.0435931307793922,0.05416116248348746,0.0391897842360196,0.04909731395860861,0.04579480405107894,0.05526199911933083,0.06671070013210056,0.04425363276089844,0.0757375605460151,0.07441655658300328,0.09907529722589214,0.10898282694848116,0.11955085865257642,0.10193747247908447,0.10744165565830066,0.1103038309114932,0
SLB,0.0028985507246377,-0.08179438708739273,-0.12805925246768968,-0.2180280663403581,-0.259111801486273,-0.22765309872670347,-0.2934238386543533,-0.267680366109202,-0.18804450514488058,-0.23630822841448096,-0.31935745180203134,-0.24896482549675225,0.0010498687664042,0.006299212598425363,-0.006299212598425141,-0.009973753280839825,-0.010761154855642885,-0.008398950131233485,0.006561679790026309,0.016797900262467413,2.220446049250313e-16,0.006824146981627477,-0.006299212598424919,-0.0207349081364826,0.020734908136483154,0.028871391076115804,0.0666666666666671,0.093438320209974,0.09868766404199492,0.08661417322834675,0.09580052493438362,0.08661417322834697,0
CMI,0.1358826358826359,0.02724348898631601,-0.11755349289180161,-0.20649336089971837,-0.2256717690954957,-0.2802733853776853,-0.413795081469687,-0.405105046675718,-0.21578627536622952,-0.3106271226891262,-0.3961875861851566,-0.4140330542857572,0.0474226804123709,0.06144329896907208,0.03298969072164959,0.056082474226804235,0.060206185567010406,0.06804123711340204,0.0639175257731961,0.05608247422680446,-0.0412371134020616,0.04000000000000026,0.0527835051546397,0.029690721649485052,0.04577319587628925,0.06309278350515535,0.09690721649484613,0.09938144329896992,0.09443298969072234,0.07752577319587695,0.10556701030927917,0.11257731958762984,0
CSX,0.0103393425238602,-0.034757777514256016,-0.08199246741748434,-0.06735486140489766,-0.08612149010533765,-0.08004921642254081,-0.2981983322506253,-0.267685216261522,-0.267685216261522,-0.26168691140896316,-0.2725864367941382,-0.30294940036712636,0.0228070175438597,0.05263157894736836,0.03859649122807007,0.057891228070175105,0.04912280701754379,0.046666666666666634,0.03157894736842115,0.0350877192982455,0.027368421052631486,0.058245614035087545,0.08596491228070158,0.082456140350877,0.09543859649122788,0.06771929824561385,0.08456140350877184,0.07017543859649122,0.08420701754385962,0.08982456140350892,0.10525964912280705,0.0999964912280702,0
CLX,-0.0038812785388127,0.010273972602739878,0.04212945822534864,-0.056033886141989564,-0.12003158877643083,-0.010667368478148975,-0.06047305283507509,0.04409957299332379,0.01831646896612482,-0.04206261471259631,-0.12305708106144742,-0.03502067879609472,0.0183783783783784,0.04302702702702699,0.0283243243243243,0.032432432432432545,0.015135135135135425,0.021621621621621845,0.009729729729730074,0.005837837837838089,0.005405405405405572,0.006486486486486642,-0.001081081081080737,-0.01037837837837785,0.007351351351351898,0.0038918918918922074,0.007783783783784193,-0.0008648648648644786,4.440892098500626e-16,-0.02162162162162118,-0.0006486486486482201,-0.02054054054054011,0
GIS,0.0566731559593338,-0.047155526714254714,-0.020239016169459556,-0.04830621050572437,-0.11253751238385323,-0.09861737201342602,-0.04871902268558781,-0.11749146873301486,-0.04539319599677882,-2.700919341269703e-05,-0.043050341279233906,-0.08834595845868354,0.0098684210526314,0.007456140350877272,0.0048245614035089535,0.013157894736842257,-0.005921052631578827,0.007675438596491446,0.00657894736842124,0.00328947368421062,2.220446049250313e-16,0.007675438596491446,0.0021929824561406353,-0.013157894736841813,0.0021929824561406353,-0.006359649122806621,-0.004385964912280493,-0.0035087719298244613,-0.009868421052631526,-0.003728070175438525,-0.009868421052631526,-0.01206140350877194,0
NEM,0.1513494623885036,0.1854429381757432,0.2958911836666538,0.09431738755238528,0.017578902228311932,0.2206625710748198,0.15198721102950397,0.03553435583361719,-0.039929090669956535,0.206529435379863,0.21492552620840955,0.13362694468005687,-0.0432119088493285,-0.03594917260462949,-0.04206743017504233,-0.04398012056220524,-0.036329359013553275,-0.03977063393144087,-0.0065023634268510655,-0.02103175536376367,-0.01912298442411542,-0.0019126903871629075,0.0019126903871631296,0.03250397823922735,0.03059128785206444,0.05315162774655291,0.05736111437731739,0.06118257570412888,0.023324632159851033,0.024088924425213376,0.014913497793351382,0.015677790058713503,0
MCD,0.0531309297912712,0.08562317263419583,0.1444914714319656,0.08535941207464748,-0.056126301867620354,-0.090205311658201,-0.3183294783149694,-0.3080127159352072,-0.2895802022642249,-0.3868196270750798,-0.460006894839155,-0.4776612536432764,-0.0342465753424657,-0.011643835616438336,-0.030821917808218968,0.020547945205479534,0.09246575342465757,0.09041095890410977,0.07191780821917848,0.0815068493150688,0.07465753424657584,0.07876712328767166,0.08013698630137034,0.07876712328767188,0.09931506849315141,0.08561643835616506,0.09931506849315141,0.08219178082191858,0.09041095890411044,0.10958904109589107,0.1794520547945211,0.17191780821917857,0
LLY,0.007270323859881,-0.12690019828155985,-0.15687228102711814,-0.26503240571761155,-0.23870909826281672,-0.24353069418275441,-0.2744712065177406,-0.27118827080062635,-0.10099618738816651,-0.17445058422485282,-0.23313651802166735,-0.29011786349108837,0.0199826238053866,0.041529105125977406,0.05473501303214623,0.07280625543006103,0.0443092962641185,0.03927019982623836,0.033014769765421725,0.03683753258036515,0.010425716768027948,0.035447437011294713,0.03509991311902705,0.010425716768027948,0.007819287576021017,0.03336229365768917,0.0755864465682019,0.08670721112076496,0.11555169417897537,0.0964378801042578,0.11294526498696844,0.12076455256298924,0
BAX,0.0695415168544899,0.021947564034987765,-0.03552487801934889,-0.20388207071194875,-0.28807902167543986,-0.3439418653575601,-0.43999604840801654,-0.5443489625252187,-0.4256798896085171,-0.5036759122359942,-0.5064773439955336,-0.5057819889216248,0.0251037385199315,0.036323231528643474,0.018692599657810227,0.0016027847155302144,0.008544907471139895,0.01976440047985184,0.021367185195382277,0.0368542154221323,0.056087632008495536,0.06837892583924932,0.07317744695077555,0.02029538437334044,0.045939939821825204,0.04166256956872294,0.08439693995948772,0.14423095832759714,0.1634643749139606,0.15918700466085833,0.18909909732738095,0.1842907431807903,0
BDX,0.0339912280701755,0.01891447368421062,0.03348217454886204,-0.05935374073425881,-0.20189254615292151,-0.1615202833464794,-0.21149589559735138,-0.18498227247207844,-0.17805656098730682,-0.15859092250501816,-0.10743150899626774,-0.06673689694442597,0.0316952602500726,0.013375981389939007,0.010468159348647976,0.0017446932247748848,-0.0055248618784528025,-0.0055248618784528025,-0.022390229717941135,-0.02878743820878138,-0.0383832509450418,-0.04768828147717319,-0.044780459435881936,-0.07385867984879269,-0.06222739168362856,-0.06804303576621074,-0.0404187263739455,-0.030241349229426673,0.016283803431230703,0.021227100901425322,0.02936900261704034,0.019191625472521734,0
JNJ,0.0665024630541872,0.06085431916885353,0.017405228716729226,-0.12979382565079756,-0.10791243248534377,-0.08586272091092484,-0.08246948676434329,-0.019018787031941264,-0.0410500812028336,-0.0669347800979021,-0.07794236978891311,-0.0960388279519343,0.0069120442370831,0.0008640055296353921,-0.0062208398133748455,0.018662519440124425,-0.005011232071885141,-0.0020736132711247635,-0.0025920165889059543,-0.0025920165889059543,-0.008294453084499387,-0.023673751512009344,-0.03265940902021747,-0.05823397269742481,-0.040608259892862875,-0.05391394504924785,-0.028857784689821475,-0.007948850872645075,-0.00639364091930128,-0.02712977363055058,-0.017625712804561267,-0.026438569206842177,0
GPC,0.0038220038220038,-0.0535000723525314,-0.001599643419481156,-0.04224978173417626,-0.15481295393840655,-0.08341587470489298,-0.15153662842773175,-0.18199712805989532,-0.1121778320595449,-0.14466929081745328,-0.18447783061134038,-0.2051763628293266,0.0228758169934639,0.040849673202614456,0.03333333333333366,0.05882352941176494,0.05392156862745123,0.05196078431372575,0.037254901960784625,0.0343137254901964,0.0248366013071899,0.04346405228758221,0.045424836601307694,0.023856209150327157,0.026143790849673554,0.013398692810457913,0.04575163398692861,0.029411764705882915,0.031045751633987484,0.021895424836601896,0.04738562091503318,0.03921568627451033,0
HPQ,-0.108785328971124,-0.14861566213436228,-0.04112222155034406,-0.2337019417251165,-0.2889751016856106,-0.31301882319040253,-0.384248144354735,-0.16847591519038752,0.03833378129985365,-0.09782519046248517,-0.10908532757631395,-0.1903128376512908,0.0076460107465032,0.03184668696249937,0.05669271454425573,0.06497004727900224,0.0191080121774998,0.0031846686962500037,-0.021661358885506132,0.015923343481249796,-0.01847669018925624,-0.009554006088749678,-0.012107352796756232,-0.008922684100506229,-0.019108012177499467,-0.019108012177499467,0.0063693373925002295,0.01592334348125002,0.0063693373925002295,0.0031846686962502258,0.042032015039493054,0.03503135565874982,0
WMB,0.5449135937299241,0.2503320683698025,-0.09183101674537197,-0.5894370450115196,-0.8046525435980583,-0.8423478095014685,-0.8824075993997899,-0.9030358505739378,-0.8627190134519573,-0.867618474833308,-0.8451559303534564,-0.816788854842412,0.1166450657285689,0.05832253286428468,0.07993228767159555,0.10151559235062324,0.09289285053032525,0.08641256910096051,0.12095643663871813,0.15769566482397468,0.19655090327188107,0.1749675985928536,0.1576956648239749,0.1663184066442729,0.30671568757108525,0.39310180654376237,0.49678630941360136,0.41685402174200625,0.4903060279842366,0.4751765546062907,0.5118893326632641,0.5118893326632641,0
JPM,0.2043918918918918,0.18581081081081074,0.20287524403636148,0.13337578549203855,-0.15781305132833345,-0.10922534275112195,-0.3405142011245149,-0.28541355996520545,-0.13319803876261305,-0.1995672539554717,-0.2601148398938895,-0.28593210931035795,0.0269151138716357,0.051759834368530155,0.049275362318840665,0.09565217391304359,0.07039337474120111,0.07867494824016585,0.06542443064182213,0.07660455486542461,0.07577639751552812,0.09772256728778483,0.14037267080745353,0.09730848861283659,0.13084886128364404,0.13126293995859228,0.19047619047619047,0.1896480331262942,0.19047619047619047,0.15942028985507273,0.18799171842650142,0.20662525879917215,0
IFF,0.0147997678467788,-0.0658504138174304,-0.013116162984543434,-0.056945415746112005,-0.11509080575685793,0.07691779299401258,0.07186974083935316,0.11680837904224495,0.09982143381971165,0.16804031246813578,0.05422274792933712,0.039309191294058854,0.0115384615384614,0.013141025641025594,0.0064102564102563875,0.017948717948717885,0.017628205128205066,0.010576923076923261,0.003205128205128416,0.014423076923077094,0.01762820512820551,0.030128205128205465,0.03846153846153877,0.024038461538461897,0.03429487179487212,0.022756410256410398,0.05833333333333357,0.061217948717948945,0.06891025641025661,0.030448717948718063,0.04871794871794877,0.03205128205128238,0
NEE,0.1162136832239923,0.1910656596284248,0.1816857127105762,0.16402833999191246,0.0990367576756972,0.11525365561117873,0.06195834817489221,0.15561445341983626,0.15169711628959948,0.1777474082056738,0.14063146732674237,0.0948889200509142,0.0050977060322854,0.00679694137638065,-0.007646559048428148,0.0013593882752762632,0.00016992353440969943,0.005947323704333263,-0.0033984706881899918,0.012744265080714134,0.006117247238743184,0.001699235344095662,0.01699235344095218,0.007646559048428925,0.015123194562447706,0.00951571792693362,0.007646559048428925,0.0032285471537816246,0.024638912489380438,0.02548853016142827,0.03993203058623718,0.040781648258284786,0
TAP,0.1133663366336632,0.10150273204026039,0.10051335832884689,0.03255997325131266,0.0036516167998679183,0.0053257646177158335,-0.054305086917670886,0.13616118680487554,0.07610126425473474,0.013394871396102515,-0.005601120488258005,-0.2021586971723972,0.0113168724279835,0.020987654320987703,0.025720164609053464,0.034979423868312765,0.0092592592592593,-0.006172839506172756,-0.009670781893003744,-0.0022633744855963256,0.015637860082304833,0.036625514403292536,0.03292181069958877,0.01543209876543239,0.016460905349794386,0.021399176954732813,0.041152263374486076,0.027777777777778345,0.002057613168724881,0.006172839506173311,-0.014197530864197061,0.09465020576131744,0
BAC,0.0619828259172521,0.1479868042130117,0.20806329299539716,0.12180722311147107,0.060264075283013474,0.12155934182390316,0.041564570718559235,0.1393387719190633,0.15382747306485478,0.1258313786973626,0.1280859401766592,0.11504169161787114,0.0266864343958488,0.037805782060785775,0.031134173461823567,0.04818383988139363,0.029503335804299313,0.05055596738324675,0.045959970348406154,0.06538176426982956,0.060637509266123324,0.06745737583395117,0.08005930318754628,0.06730911786508509,0.08050407709414364,0.07516679021497397,0.09266123054114161,0.09073387694588564,0.08480355819125274,0.07709414381022994,0.09295774647887312,0.09162342475908081,0
DUK,0.0632917649035917,0.08105847512055142,-0.09718846110633661,-0.12312434550386453,-0.5788725048735528,-0.5564384517195858,-0.6768418553239505,-0.6579173177424349,-0.6663416925042559,-0.6689587807669837,-0.7144813781571546,-0.773938136546179,-0.0168727241934117,-0.0036201202472688765,-0.015666017444321723,0.03493098484207002,-0.013252603946142472,-0.014459310695232208,-0.01083919044796311,0.02047167414683737,0.009632483698873928,0.0349309848420698,0.06143619273435519,0.08072233042594634,0.10119400457278371,0.09397493437208948,0.13614615970869703,0.16385807435007282,0.19275552544669372,0.17469726479803582,0.22650097383351708,0.23854687103057004,0
AXP,0.1234230130900833,0.13869612131240627,0.17833669194546942,0.0036863363626093992,-0.1548786550020793,-0.11272312550925845,-0.2219204461154436,-0.09583922655553734,-0.026728169117350764,-0.13343592472673438,-0.14007194858885874,-0.19022125570670867,0.0316133848757627,0.05669927806723707,0.05567129584390296,0.10103150003322359,0.07560164320808616,0.057731168968226276,0.03780082160404308,0.059791042092549596,0.0422684401640081,0.07113402464812113,0.10996282847549832,0.09381217240395401,0.11546233793645255,0.09621991783959549,0.13917237659327464,0.12542946595737203,0.11443044703546357,0.11133868301015082,0.13539268530063597,0.13780043073627768,0
WFC,0.0477200424178154,0.10451113292809677,0.1270960733287687,0.07655847034608243,0.0972698156673697,0.13399033029069352,0.054304523297293406,0.10281345680444343,0.021262722223112984,0.018437952991432027,0.023189943440172556,-0.02064871390857259,0.0409745293466223,0.05071982281284604,0.0409745293466226,0.062015503875969324,0.03720930232558173,0.03277962347729835,0.0272425249169439,0.04097452934662282,0.03211517165005584,0.02990033222591415,0.05382059800664507,0.0398671096345522,0.05647840531561554,0.03765227021041051,0.057585825027686166,0.06688815060908149,0.057585825027686166,0.05204872646733194,0.06600221483942503,0.06201550387596999,0
LNC,-0.0095665755564232,-0.06055918750797373,-0.11075528583120142,-0.17003826677578793,-0.27496914304770614,-0.2433128661948596,-0.3666632345822728,-0.37160635080016713,-0.2748192829923768,-0.3539856969506139,-0.34339863620098643,-0.4203329187776238,0.0391459074733095,0.06192170818505338,0.06405693950177938,0.08185053380782925,0.05836298932384354,0.04270462633451966,0.03558718861209975,0.05658362989323851,0.06761565836298922,0.07651245551601416,0.10320284697508875,0.06939501779359425,0.08540925266903909,0.0996441281138789,0.15836298932384318,0.17437722419928803,0.14234875444839834,0.12918149466192141,0.17117437722419893,0.13167259786476837,0
DIS,0.0056644880174292,0.029196593035055507,0.006354841930564348,-0.1730388472831449,-0.23910823038380358,-0.3160423485273465,-0.3357245831020991,-0.2726717026211487,-0.1394240961019555,-0.2946099148376684,-0.2646479573368412,-0.2896830239941559,0.0197604790419163,0.057485029940119725,0.03413173652694601,0.06946107784431121,0.041916167664670434,0.01017964071856281,0.01017964071856281,0.036526946107784175,0.03413173652694601,0.0604790419161676,0.07544910179640718,0.05688622754491002,0.08083832335329344,0.0718562874251496,0.10538922155688635,0.113173652694611,0.09880239520958112,0.07305389221556902,0.08922155688622757,0.08083832335329344,0
CI,0.1080875498224589,0.20312334330339055,0.16415352792283788,0.06931762404914665,-0.012937662165183772,-0.06645843506197469,-0.22204887914816374,-0.6067816079117136,-0.5109626408501726,-0.5419312936619386,-0.5135247955792035,-0.5243722517869938,0.0213973799126638,0.029473799126637612,0.046288209606986985,0.07314410480349354,0.04890829694323151,0.034932314410480725,0.018995633187773198,0.03709606986899572,0.025762008733624775,0.03711790393013148,0.06113318777292598,0.028820960698690223,0.04257423580786068,0.027510917030568516,0.07095851528384367,0.09235589519650711,0.0873340611353719,0.06702838427947677,0.10414628820960758,0.10545851528384365,0
INTC,0.0453764180130629,-0.007690135389723518,-0.04068608818565489,-0.3610402782045904,-0.34571917315881495,-0.4173685158417437,-0.5086368357645306,-0.39497631734707317,-0.26166601438964854,-0.4743548168288444,-0.4848545957685928,-0.43185880657929143,0.0384615384615385,0.07570207570207588,0.07631257631257626,0.10195360195360204,0.061660561660561886,0.047008547008547286,0.029304029304029644,0.05311355311355337,0.02686202686202721,0.04578754578754607,0.09706959706959739,0.09829059829059861,0.1324786324786329,0.11660561660561708,0.16300366300366376,0.181318681318682,0.13247863247863312,0.11965811965812034,0.1581196581196589,0.15018315018315098,0
TGT,0.0086549707602339,0.04207785736530689,-0.02275730344362059,-0.0973831093624713,-0.20574476773716133,-0.1677840397245991,-0.26665626425881084,-0.21113166712412068,-0.08847705589956534,-0.2508030596434784,-0.3047748129125829,-0.29939494864387983,0.0264150943396228,0.04802744425385952,0.05660377358490587,0.08576329331046328,0.09022298456260747,0.09331046312178426,0.02229845626072069,0.09262435677530045,0.060034305317324455,0.08233276157804492,0.10977701543739316,0.0871355060034309,0.09777015437392822,0.11355060034305353,0.13241852487135541,0.12178387650085831,0.12830188679245325,0.09468267581475187,0.13790737564322542,0.14579759862778796,0
TXT,0.0849256900212314,0.04416135881104033,-0.009461161435220022,-0.024027909061172692,-0.18184467270234472,-0.19326562270269254,-0.28915653059849655,-0.1453201687547906,-0.0971396880718498,-0.09923497772589518,-0.1987658763808653,-0.24984221595337297,0.0357271743053049,0.07001082641645628,0.07325875135330207,0.10032479249368453,0.07398051245037918,0.07361963190184073,0.04655359076145826,0.04655359076145826,0.04222302417899715,0.05557560447491938,0.07686755683868696,0.04655359076145871,0.0696499458679185,0.04655359076145871,0.07722843738722562,0.0696499458679185,0.061710573800073165,0.04655359076145893,0.06820642367376495,0.06640202093107272,0
VFC,0.0322199486286174,0.053153464792313754,0.02259549040950448,-0.05767486354090756,-0.0678223524588556,-0.016990092630458364,-0.12885063015102471,-0.10851118135888216,-0.08531789284903213,-0.1315700054884653,-0.1522622490697153,-0.18823487952910944,0.0029283695347712,0.01730991769442536,0.011982265680923865,0.023967360704393315,0.01970637083061022,0.0093198543454458,-0.004529777415621883,0.0186397086908916,0.01278296962134906,0.04127727839881845,0.0532623734222879,0.035683668186023754,0.038080121322208615,0.023169486106513704,0.06391201876420016,0.05379428982087453,0.04686805926906801,0.024765235302273148,0.04047940380093906,0.06391201876420016,0
WBA,-0.0202500000000001,-0.0521219902663933,-0.03599647388602356,-0.03274139704459966,-0.1155992121528393,-0.13306269738536436,-0.23260456321075706,-0.1538844824685741,-0.268258763901179,-0.2707570269127828,-0.28553897906995607,-0.30839583319671704,0.0206919945725916,0.04816824966078692,0.06173677069199468,0.09328358208955212,0.06411126187245597,0.0800542740841248,0.026119402985074647,0.05936227951153339,0.05766621438263253,0.08887381275440998,0.0797150610583448,0.032225237449118316,0.05122116689280887,0.03595658073270047,0.05800542740841297,0.015943012211669494,0.02781546811397617,0.017639077340570353,0.042401628222524135,0.0739484396200818,0
AIG,-0.0214323069724212,-0.054006577946628775,-0.09817459383083948,-0.08120754351337045,-0.13937334734613238,-0.15432170282298296,-0.2604547019002271,-0.15432170282298308,-0.11705259340878982,-0.23190089211977616,-0.2845175966969321,-0.3535070873172552,0.0584307299497308,0.0877474533690823,0.0711681078067723,0.12272576990185136,0.0936117633714717,0.0893643618882598,0.0733931669928638,0.07966049747689907,0.07238199584430438,0.08592782796093412,0.1019014361526267,0.06894546191697781,0.09482323811270588,0.1019014361526267,0.15244551380284843,0.12717347497773757,0.12717347497773757,0.11504183449131378,0.14678392068943102,0.14395553742901956,0
FDX,0.008505467800729,-0.09374821702150138,-0.053758782820011564,-0.06496519249793886,-0.10786472954625437,-0.15430220108138426,-0.09810247514685655,-0.057525946032638386,-0.06499601779459896,-0.05063827874200666,-0.08137552358038169,-0.1021620443436323,0.0235934664246824,0.04083484573502716,0.017967332123412172,0.03266787658802173,0.014156079854809489,0.016333938294011086,0.016152450090744397,0.03629764065335772,0.048094373865698925,0.057713248638838754,0.07767695099818539,0.05444646098003658,0.057168784029038244,0.044101633393829776,0.07441016333938322,0.05535390199637047,0.07259528130671544,0.0653357531760439,0.08711433756805853,0.08130671506352138,0
PCAR,0.0153947033131478,-0.012649398938100576,-0.08490769109407625,-0.07637583863506936,-0.19497682942981243,-0.2556863335508822,-0.28529690447023937,-0.08067801245003015,0.03389340568885535,-0.029238430580335817,-0.08817435015544295,0.013798705918228293,0.0102308209525741,0.07300196188598984,0.08126629148283637,0.08618712523832817,0.0615898645101276,0.06434387348138082,0.06847718962134763,0.0661146367747707,0.05470253939890801,0.08323508552165038,0.11215908776906902,0.10802807431218908,0.12357348782801769,0.1402978750840489,0.1560413193453012,0.15702456502316542,0.15230176201309797,0.13262303235730344,0.14620195451740448,0.1513185163352342,0
ADP,0.1054827533904569,-0.030987073078539096,-0.004726593116604394,-0.1650154102103899,-0.35799918156061006,-0.3514988899235345,-0.385538668897039,-0.24840078139313182,-0.2210751934742946,-0.2979324498140662,-0.38084507218547337,-0.4199901516398752,0.0140678128990037,0.019834060216097127,0.0209186638781218,0.04616201324406344,0.02524334936594186,0.03317880400708462,0.01875403294083222,0.039668120432194254,0.02128019843213025,0.03858809315692957,0.042194285923492725,0.024163322090677397,0.026689487581975202,0.03642346221963977,0.08510706456824124,0.07789467903511538,0.09160095738011087,0.073926951714544,0.10530265933834682,0.07969777541839718,0
GWW,-0.0485617597292724,-0.04822226347939895,-0.10475002886845775,-0.15052985693768428,-0.17180883070027897,-0.23701406591099317,-0.27775191333732496,-0.1778214169679766,-0.08529656194740964,-0.12679699571090675,-0.20111214501210628,-0.2192609773865658,0.0104287369640787,0.04866743916570093,0.04356894553881796,0.05909617612977991,0.06257242178447275,0.05561993047508684,0.035921205098493836,0.049826187717265435,0.04032444959443815,0.059791425260718345,0.049826187717265435,0.0588644264194671,0.042873696407879525,0.04055619930475096,0.0412514484356894,0.04982618771726521,0.03939745075318646,0.01668597914252601,0.046813441483198215,0.05237543453070681,0
MAS,-0.0307229351310958,-0.00957645728482781,-0.05865792202670905,-0.04776747716983765,-0.14398201366344432,-0.1273668885355801,-0.29387567527949965,-0.2769948862654086,-0.2886361301529168,-0.27026313513357814,-0.3773953720203712,-0.3773953720203712,0.0359662141116545,0.06119569797907598,0.06495172135803129,0.07353866261138253,0.06978263923242745,0.05689611999731237,0.05743356724503279,0.06763285024154553,0.06387682686259022,0.07032008648014743,0.07085753372786785,0.06655795574610468,0.08964375797773205,0.0842753928556157,0.11433579459743348,0.11647947623322752,0.11916671247182964,0.10038048822196544,0.13419080598765087,0.12989733536097514,0
ADM,0.0021582733812948,-0.045323741007194274,0.040489855306765854,-0.0853700859537091,-0.1507007940998728,-0.10750367931702154,-0.06567958395447182,0.014788203073372808,-0.01045159129714257,-0.07948985236943495,-0.11262821768413522,-0.19598067936467767,0.0027675276752767,0.032287822878228845,0.023985239852398532,0.060885608856088735,0.04151291512915134,0.06642066420664205,0.04704797047970466,0.061808118081180696,0.0627306273062731,0.055350553505535194,0.0821033210332105,0.05627306273062738,0.08025830258302613,0.05166051660516646,0.04889298892988969,0.05442804428044323,0.04335793357933637,0.028597785977860335,0.035977859778598464,0.03228782287822929,0
WMT,-0.0144694533762058,-0.0877922728350432,-0.11240219353193959,-0.09880481111465478,-0.1985392515482589,-0.12526284026124257,-0.18501309847613212,-0.1136769176156962,-0.1085498387663002,-0.19536905568416396,-0.2406444395202969,-0.2360345774198339,0.0307101727447216,0.03262955854126659,0.0441458733205371,0.06928982725527799,0.0441458733205371,0.047024952015354726,0.027639155470249088,0.03838771593090162,0.016890595009596332,0.04222648752399172,0.06122840690978815,0.04683301343570001,0.06372360844529679,0.045681381957772826,0.0633397312859878,0.07447216890594932,0.05777351247600704,0.05566218809980761,0.07658349328214942,0.07888675623800334,0
SNA,-0.0158959537572255,-0.08358565005963858,-0.08934926232341445,-0.14439175944247384,-0.21595696809618914,-0.18420264795280938,-0.3361535711740635,-0.24746738594797024,-0.13376291946490693,-0.18698082357791423,-0.26351726469757775,-0.2782469194036262,0.0236662655435218,0.0489370236662654,0.0497392699558763,0.08463698355395088,0.07862013638186927,0.07621339751303635,0.07180104292017653,0.08584035298836756,0.0910549538708385,0.10830324909747313,0.12234255916566417,0.10629763337344578,0.13196951464099493,0.13277176093060583,0.1307661452065787,0.1299638989169678,0.14039310068190947,0.12234255916566417,0.1632571199358206,0.1640593662254315,0
SWK,-0.0786852589641434,-0.07008232001418857,-0.1392196779609598,-0.1575035559231256,-0.2556745002023403,-0.2766209687115526,-0.3175630103322674,-0.3346239350739608,-0.2589520987467665,-0.2940651122496746,-0.4589119864119301,-0.4743890993335309,0.0288065843621398,0.05267489711934137,0.043209876543209846,0.08230452674897104,0.03868312757201631,-0.06995884773662553,-0.13045267489711942,-0.11893004115226335,-0.1255144032921811,-0.11481481481481481,-0.06172839506172845,-0.06707818930041143,-0.0596707818930039,-0.06296296296296278,-0.04814814814814805,-0.03909465020576108,-0.03703703703703698,-0.03703703703703698,-0.008641975308641858,-0.016049382716049276,0
BF.B,0.072365872045701,0.16272827981664384,0.1658387890677646,0.02071958904103144,-0.0031069823680639486,0.03556252419878003,-0.013785642335663373,0.06328853495333031,-0.02438491475951099,-0.036765912138009726,-0.08617797733296262,-0.09205202871055473,0.0143034504507011,0.026398114250052895,0.016904439170916552,0.028087498161553093,0.026916191982913062,0.02821734884651561,0.01443462614265334,0.01248289084724985,0.012223189477325258,0.01560460731430413,0.013003618594088495,0.006240782920130528,0.023797125529837926,0.016253860739116055,0.012353040162287332,-0.005201977440430272,0.0009089547947376264,-0.01105453331266204,-0.005201977440429939,0.0012985068496249585,0
AAPL,0.0793380817320408,0.1204157132600634,0.07474574217324625,-0.1857836424006678,-0.29842226894602986,-0.31514230951231637,-0.3146649414878909,-0.24566108280401855,-0.266464818609948,-0.33890903564863306,-0.33890903564863306,-0.31136874002547665,0.0112817695899267,0.02535933351643349,0.022556496876738885,0.04578905485249907,0.021852266565257628,0.022556496876739107,4.440892098500626e-16,-0.01057049697533008,-0.03450728526257174,-0.042943964394114964,-0.08521890999232318,-0.07043007345122076,-0.07535968563158812,-0.07181036486172354,-0.0471623039598863,-0.04787357657448221,-0.05209191614025366,-0.05071162472975077,-0.015500109155697439,-0.01900717610687308,0
OXY,0.0876839472363666,0.07276199960322272,0.11417857323463187,0.12316640324916084,0.015915009375689015,0.11543959082210731,0.0804147932266348,0.06658290846915027,0.04777232363572059,0.06842849831307185,0.10278474497195877,0.12883629688342335,0.0224803903999117,0.024131180987303713,0.0178519733667859,0.03471140458499322,0.0115693194193629,0.010907624653644143,0.0013233895314372912,-0.000992542148578024,-0.007933444534814704,0.001650790587392148,0.00760259715195577,-0.0066135013302817125,0.008595139300533905,0.0119001668022225,0.012892708950800635,0.004628417033126553,-0.0003308473828589342,-0.0016542369142963365,-0.0033050275016881514,-0.011569319419362234,0
CAG,0.0385464191565356,0.05141809017211241,0.05916098014118765,0.18854696567303297,0.10330309623719658,0.15515409001273395,0.10832251192179698,0.0828671826430496,0.09910679988444882,0.11651824507172392,0.08511082235089229,0.01844692339156495,0.0034386200008849,0.030492468537259176,0.018198137835565786,0.03295133467759781,0.015246234268629477,0.03295133467759781,0.028033602396920543,0.022622832689645822,0.01917789169611228,0.024588661403387002,0.06738810262763684,0.023115870116243276,0.04033425409126279,0.02557473625658213,0.060498220640569755,0.06148429549376444,0.05016971865261732,0.03787538795092393,0.06099125806716699,0.06246404935431049,0
LB,0.0028018567528329,0.10107322755233206,0.1882504289903355,0.2203316204214465,0.04029352139235853,-0.1064011959082406,-0.16027864333527642,-0.07660185230521233,0.01861029124832969,-0.21171091888742577,-0.2859993089846029,-0.342460201349329,0.0234352219806219,0.03828113935334443,0.050777702798397106,0.1015637366390909,0.07968641956795208,0.07890330159206216,0.04999458482250718,0.08593470129047853,0.05468496163555048,0.07812018361617246,0.10781201836161736,0.06718152508060293,0.09765647780193798,0.068747761032383,0.11093615922288036,0.11015304124699044,0.08671781926636846,0.08046953754384245,0.11640132296951711,0.12109169978256018,0
T,-0.0237288135593221,-0.19546343722877535,-0.11007875040563564,-0.21416913397139226,-0.28850796221436037,-0.35874998124529234,-0.4684896751765102,-0.3197728211984665,-0.24478088835825074,-0.2878612133353802,-0.3761766327568705,-0.4820149285965233,0.0707317073170732,0.09512195121951228,0.06097560975609784,0.10731707317073202,0.05121951219512222,0.05365853658536612,0.039024390243902696,0.03512195121951245,0.0024390243902443487,0.03658536585365901,0.038048780487805356,-0.01951219512195068,0.009756097560976063,-0.03414634146341411,-4.8780487804434e-05,0.07804878048780539,0.09512195121951272,0.09024390243902491,0.1282926829268296,0.13414634146341498,0
VZ,-0.0233037929812123,-0.1393832333401004,-0.08058301893873154,-0.14152020876411386,-0.3114850259833448,-0.3561077905176151,-0.4159681256074993,-0.19882892005835762,-0.09826281372231316,-0.17005479117437128,-0.1883171101187575,-0.2676616322663915,0.0428782021882985,0.04199698617571923,0.0229083404311079,0.029954792635785932,-0.015272226954071821,-0.024084387079866154,-0.04346458756469862,-0.020851077769769688,-0.029368407259385054,-0.017621044355630833,-0.03230688593330233,-0.0637292799580681,-0.04640306623861579,-0.05903164515494952,-0.03230688593330244,0.013214964292734388,0.027900805870405776,0.02936840725938561,0.05667955185743301,0.046989451615016664,0
LOW,-0.0337702732726059,-0.04972429899298858,0.05720693700143098,0.021216913614148236,-0.14861100924459203,-0.05421539765211325,-0.04800674599556265,-0.04041839397088964,-0.02776765990702934,-0.1421479352120847,-0.2263487183522176,-0.11998566226460639,0.0114494518879417,0.0438489646772231,0.05115712545676021,0.07186358099878198,0.057247259439707765,0.054811205846528654,0.04068209500609021,0.07892813641900132,0.0694275274056031,0.08160779537149843,0.10718635809987842,0.08915956151035331,0.1120584652862362,0.09987819732034109,0.10840438489646775,0.08891595615103531,0.09622411693057242,0.08209500609013398,0.09622411693057242,0.0864799025578562,0
PHM,-0.0831576930446444,0.01935236635370785,0.024642795687888297,0.07671787744314096,-0.10624769293131264,-0.10736955775190071,-0.2005706774572169,-0.13887416159595123,-0.11974636640492065,-0.10913865876963103,-0.07025997421812835,-0.0649261540900028,0.0267326732673267,0.04811881188118816,0.04851485148514856,0.03485148514851488,0.0437623762376238,0.054455445544554504,0.06118811881188124,0.0772277227722773,0.07168316831683197,0.09089108910891142,0.10495049504950527,0.09920792079207974,0.11762376237623817,0.1043564356435649,0.12930693069306987,0.14950495049505008,0.13861386138613918,0.11584158415841639,0.16039603960396098,0.1485148514851491,0
HES,0.1353363881779516,0.09612781115488178,0.18627001949618216,0.18987570782983432,-0.01765265343724176,0.06305846195187548,0.0022278099198347334,-0.24832950887199334,-0.17946287739119837,-0.19338272843518867,-0.30014089673053135,-0.3397303841400542,0.0274134831460672,0.020671910112359138,0.016179775280898756,0.01573033707865168,0.008089887640449378,-0.00786741573033689,-0.01348314606741563,-0.006741573033707704,-0.015730337078651457,-0.0022471910112357163,0.005615730337078739,-0.006741573033707593,0.016404494382022516,0.019997752808988745,0.026514606741573354,0.013031460674157724,0.010112359550562111,0.00651685393258461,0.015280898876405047,0.008539325842697343,0
LMT,0.0075240594925634,0.09585445862151554,0.08883537481929604,0.2146718868369355,0.12046927575706401,0.11116859108750665,0.14243676924688486,0.019215546061550626,-0.08096300735165063,0.013837370113508607,-0.10872399269339406,-0.1833839868926247,0.0044257112750261,0.007376185458376927,0.009062170706006123,-0.03519494204425733,-0.04910432033719725,-0.04973656480505795,-0.044046364594309884,-0.0594309799789251,-0.07692307692307676,-0.05943097997892499,-0.057112750263434875,-0.06533192834562673,-0.043203371970495064,-0.03055848261327687,0.023182297154900056,0.024446786090621897,0.047418335089568275,0.04320337197049562,0.068493150684932,0.05879873551106485,0
HAS,0.061744966442953,0.07656627942629379,0.03724584856563573,-0.07588346211892094,-0.168227216087934,-0.10711737890255768,-0.23260358511084678,-0.30900516650509724,-0.13321391727938825,-0.24442420713788182,-0.2183698694529811,-0.2209431373724774,0.022480058013053,0.043509789702683266,0.07324147933285019,0.09137055837563479,0.07179115300942729,0.07686729514140711,0.08411892675852095,0.06961566352429327,0.07251631617113885,0.07686729514140733,0.09137055837563524,0.07686729514140755,0.0841189267585214,0.12110224800580216,0.1638868745467741,0.1559100797679489,0.15300942712110355,0.1602610587382174,0.15953589557650605,0.16606236403190855,0
BLL,0.116576022700402,0.12437928588318736,-0.02090700090004327,-0.023261721917599676,0.013000981752769203,0.17343206746756845,0.18685752468267314,0.13708229318262855,0.16462082108624432,0.19114764897911773,0.2166391356304218,0.24419449417253114,0.0287253141831238,0.05475763016157997,0.039676840215439935,0.044883303411131115,0.026211849192100622,0.02585278276481162,0.01454219030520676,0.026929982046678846,0.029622980251346576,0.0315978456014363,0.0310592459605028,0.00736086175942563,0.010771992818671583,-0.012567324955116477,0.006463195691203127,0.008797127468581856,0.023339317773788393,0.0017953321364454489,0.02477558348294462,0.014183123877917758,0
NUE,0.1369911504424779,0.034674338212094424,0.17816802952348998,0.14832981627765318,-0.010628801808929444,-0.10230036704476575,-0.2984986373401365,-0.22145727093793388,-0.09353449112217371,-0.2630506788060192,-0.2912856046059814,-0.2417047621298566,0.0232923318503008,0.03637791154148129,0.031143679665009305,0.06124051295472421,0.05260403035854533,0.04449097095001342,0.02329233185030155,0.03114367966500975,0.014394137660298956,0.036377911541481955,0.07170897670766885,0.06673645642502013,0.09002878827532101,0.09735671290238201,0.09500130855796973,0.06254907092384254,0.05626799267207594,0.04527610573148455,0.06647474483119664,0.05993195498560655,0
APD,0.0594857731153593,-0.011490783675549343,0.03171243459932804,0.031100311533181824,-0.09291775765594545,-0.03838989601146614,-0.13422232534301393,-0.08908812676948874,-0.08035317357043092,-0.12341226938439886,-0.1490728500745696,-0.2044864895291174,0.0250888460991716,0.0310644731910934,0.014336852715783,0.03178041121205455,0.00907974825861646,-0.0026285522285831586,-0.022222509401532586,-0.010751993383388503,-0.023656970057249205,-0.0035848593323942746,0.02676109122394399,0.00023778446905575734,0.013858699163877608,0.006691565112883158,0.026045153202983062,0.010751993383389058,0.010751993383389058,-0.01003605536242691,0.01529315981959467,0.020309895193911354,0
PKI,-0.097560975609756,-0.36601429680597564,-0.29985926690746867,-0.44220943758669995,-0.6188014273014038,-0.7110595925023937,-0.7207934005563912,-0.6529860835486576,-0.5738250896953383,-0.6040604718453313,-0.6301403210052197,-0.6029860660916788,0.0235955056179775,0.050561797752809,0.06067415730337067,0.033707865168539186,0.02471910112359521,-1.1102230246251565e-16,-1.1102230246251565e-16,0.0011235955056176916,-0.005617977528090234,-0.011235955056179914,0.01685393258426937,-0.0056179775280903455,0.02247191011235916,0.039325842696628754,0.10112359550561756,0.06741573033707815,0.017977528089887285,0.060674157303370446,0.09887640449438173,0.12247191011235925,0
NOC,0.0467597922739631,0.10548816623542479,0.10832116314402818,0.1420341284890323,0.03625565991323909,0.1521254448483369,0.16899554705423148,-0.039373749728444096,-0.09739860887815677,-0.10110466501384618,-0.15299435893906044,-0.1967253342720212,0.0180124438432183,0.011039843612890676,0.004067243382563257,-0.03532929299140275,-0.02614821162988179,-0.030215455012444825,-0.02789168194284819,-0.052643580096512044,-0.06659006157870495,-0.055782082864158866,-0.046834147422520345,-0.050087942128570706,-0.026031638669940405,-0.011621427391058314,0.0073210380886139514,0.00673945431044598,-0.000581583778167416,-0.009877957078091693,0.040092131069000336,0.02359001161886587,0
CNP,0.2339656197918815,0.21434923177489762,-0.19059588131491,-0.19535432429472666,-0.6167707779163274,-0.5502846051865318,-0.6184791527607052,-0.6949663129061918,-0.6688842450836647,-0.6320985473059288,-0.6581652835729286,-0.7745345487395912,0.0244897959183674,0.0027210884353743303,0.02448979591836764,0.02721088435374175,0.023129251700680697,0.03673469387755146,0.023129251700680475,0.03265306122449019,0.0299319727891163,0.03401360544217735,0.028571428571429136,0.017687074829932703,0.031292517006803466,0.034013605442177575,0.055782312925170885,0.07482993197279009,0.11564625850340216,0.10748299319727983,0.1047619047619055,0.08435374149659935,0
TJX,0.0460130718954248,0.14651030365197726,0.10967885745847661,0.030829104441531197,-0.06321886100726049,0.04391723545219106,-0.10325452235031574,0.08242454125714826,0.031809462854475834,-0.007836417984267707,-0.07297082107843023,-0.1925550728851151,-0.0011415525114154,0.013127853881278684,0.024543378995433907,0.08162100456621024,0.07591324200913285,0.06735159817351644,0.041666666666667185,0.08162100456621069,0.04794520547945269,0.06164383561643927,0.08732876712328852,0.04452054794520621,0.07819634703196421,0.055936073059361435,0.07134703196347103,0.06735159817351666,0.051940639269407285,0.053652968036530746,0.08447488584474971,0.09132420091324289,0
DOV,0.035355306879085,-0.05563627838729779,-0.0918679605023115,-0.1069216203691784,-0.2500178100320818,-0.2646103015274688,-0.34968080396476475,-0.36039172856736457,-0.2076277377736695,-0.2676558257892344,-0.3454436494566854,-0.3619452583396525,0.0147883607623675,0.02382705595032064,0.020949155038473943,0.023004798546935934,0.012732717253905568,0.006571922977798961,-0.009038695187953416,-0.0037001583152315165,-0.018488519077598964,-0.019721905182676136,0.0004111287016923537,0.07025391799516467,0.1491354024765903,0.1347581704159151,0.16762392155418948,0.15406281064761984,0.13475817041591487,0.1298246259956064,0.17173520857111324,0.17296245842691138,0
PH,0.0062512603347448,0.017248541868458256,-0.0022982675829773536,-0.0229474222907885,-0.1594842568681013,-0.153851612275259,-0.2028764818796267,-0.1041087301496163,-0.03995493712842768,-0.07135922100512393,-0.1992832128067712,-0.19629248775500363,0.0224574083634483,0.06298399586990167,0.05575632421269994,0.05833763551884319,0.03665462054723778,0.03381517811048007,0.022199277232834103,0.01135776974703151,0.008002065049044882,-0.019101703665462266,0.032524522457408445,0.03975219411460995,0.042333505420753426,0.04052658750645288,0.048270521424883306,0.04543107898812582,0.03794527620030963,0.029943211151264748,0.04543107898812582,0.04284976768198212,0
ITW,-0.0167164990486545,-0.011230956504993062,-0.017730557210484665,-0.055483557053021326,-0.0927417748170144,-0.03991762796080045,-0.17034659613264436,-0.1341030257104261,-0.04038573297558079,-0.09796258899704602,-0.16369031498171227,-0.18222311332010177,0.0268317853457171,0.0619195046439629,0.061403508771930015,0.09631922944616478,0.07000343997248071,0.0694874441004476,0.0581355349157211,0.07843137254902,0.06742346061231563,0.09391124871001066,0.08961128310973554,0.0823873409012732,0.09098727210182345,0.08462332301341635,0.10853113175094653,0.10767113863089173,0.09219126246990084,0.08617131062951566,0.11111111111111183,0.10423116615067163,0
GPS,0.2502078137988361,0.19515123663289846,0.2341143527811007,0.20360053636618325,0.02911657402175405,-0.01456837442651615,-0.08065923151570942,0.0820640845060101,0.43882830985778254,0.34359899933771243,0.26005470258402164,0.1102103595740298,0.0420979986197376,0.06418219461697694,0.04968944099378869,0.10973084886128337,0.06970324361628721,0.06418219461697738,0.05590062111801264,0.10697032436162868,0.09868875086266393,0.12077294685990325,0.14837819185645262,0.11318150448585218,0.12008281573498958,0.11042097998619727,0.1318150448585229,0.11801242236024834,0.11801242236024834,0.1124913733609385,0.1421670117322289,0.15113871635610732,0
MDT,0.0150426582846878,0.013681707234473706,0.046563999751028096,-0.020845690189267296,-0.07683000895324166,-0.05667145828026021,-0.01650994610803358,0.04656423787078601,0.09505098747670648,0.06469776181104092,0.04882068992438504,0.04414888284231666,0.0250443262411348,0.037234042553191404,0.037234042553191404,0.04166666666666652,0.02437943262411335,0.03634751773049616,0.04055851063829752,0.04942375886524775,0.03945035460992852,0.058289007092197975,0.06338652482269436,0.033909574468084624,0.04299645390070883,0.043882978723403854,0.06360815602836856,0.06382978723404231,0.07158687943262398,0.06560283687943258,0.0760195035460991,0.06604609929078009,0
SYY,0.0050556117290192,-0.006587281217756313,-0.04598123385912112,-0.07255747091590281,-0.10651339191417397,-0.025412299795614435,-0.020235665410676007,0.08717807775095565,0.00739461566718469,0.005369701866848597,-0.010797047107894642,-0.08967817840400738,0.0514937106918238,0.05856918238993725,0.0573899371069182,0.09669811320754707,0.07154088050314478,0.0762578616352203,0.05738993710691842,0.06407232704402555,0.05738993710691864,0.06918238993710735,0.05267295597484334,0.04795597484276781,0.07665094339622702,0.07193396226415172,0.09551886792452913,0.08176100628930905,0.07704402515723374,0.061320754716982284,0.1340408805031461,0.12853773584905803,0
MMC,0.0635849056603772,-0.04565324221792333,-0.039465457753500965,-0.08312611876470555,-0.1037090018128447,-0.07617463852107831,-0.18809438471966444,-0.10408430688059356,-0.08686632012014706,-0.1135313582510924,-0.17722276948060234,-0.21447259483604308,0.0258519388954172,0.04817861339600493,0.05640423031727404,0.10223266745005888,0.07802585193889544,0.07332549941245614,0.04958871915393681,0.050528789659224804,0.045358401880141175,0.07450058754406585,0.08836662749706248,0.07332549941245614,0.09400705052878977,0.06486486486486509,0.09165687426557012,0.12103407755581674,0.08836662749706226,0.09400705052878955,0.10693301997649818,0.10458284371327853,0
AVY,-0.0426666666666666,0.004705882352941115,0.022378946597318983,-0.01452720585281464,-0.023163439708470124,-0.0014911144032168089,-0.09618687368856715,-0.023379705180146204,0.011791186466099113,-0.04776262450925539,-0.07733617552043137,-0.1112451162086383,0.0288870008496175,0.03143585386576042,0.022090059473236945,0.044689889549702544,0.015463041631265773,0.009345794392523255,-0.004927782497876065,0.0,0.003398470688190214,-0.027187765505522488,-0.04944774851316902,-0.18436703483432437,-0.18708581138487645,-0.14443500424808797,-0.1344095157179267,-0.11045029736618495,-0.09889549702633793,-0.09430756159728104,-0.09787595581988073,-0.10331350892098523,0
HD,-0.0332140015910898,-0.06895396165688128,-0.16418369210756634,-0.25396031618738546,-0.37312366160180843,-0.3286816967982944,-0.4630276520513479,-0.40239840428681806,-0.45238868008233235,-0.5213382858652701,-0.5867810894086801,-0.5385722165063594,0.0341324664770419,0.05851279967492906,0.05851279967492906,0.1072734660707031,0.07679804957334446,0.07395367736692426,0.05648110524177197,0.07070296627387274,0.05038602194230024,0.08898821617228814,0.1060544494108091,0.08329947175944796,0.11214953271028105,0.10605444941080933,0.11946363266964721,0.11418122714343859,0.12352702153596185,0.11743193823649012,0.14587566030069166,0.13978057700121993,0
PNC,0.1192209683290863,0.003822351656352252,0.02440143832855246,-0.04450120970888971,-0.2305259073219278,-0.15859879165996793,-0.21586985733261543,-0.24430595873771377,-0.21083176091886957,-0.22470927977727162,-0.19415144397901907,-0.17805276680992788,0.0228074300493767,0.0324476839877732,0.019750764166470702,0.04279332236068667,0.021866917470021452,0.017399482718081893,-0.0018810251587108029,0.016929226428404,0.010815894662591585,0.037150246884552596,0.04396896308488163,0.022572301904538294,0.022807430049377242,0.019750764166470924,0.03644486245003553,0.04514460380907637,0.027745121090994918,0.027039736656478075,0.03268281213261259,0.024688455208088822,0
C,0.0883516483516486,-0.04118766279498709,-0.04384487943389237,-0.14727247590479453,-0.31168797541583393,-0.2711859422847902,-0.29381252250797485,-0.13079189562523885,-0.08041330345331388,-0.16790290945029862,-0.19866952456306053,-0.2229098879852366,0.0577481137550783,0.08241439349970969,0.07312826465467204,0.11520603598374923,0.08502611723737652,0.10127684271619253,0.07515960533952404,0.08763784097504357,0.09808473592571088,0.11288450377248993,0.1395821242019737,0.11143354614045298,0.135809634358677,0.11433546140452733,0.15902495647127135,0.1497388276262337,0.13639001741149204,0.1273940800928619,0.14625652930934474,0.14248403946604826,0
NKE,0.0205782312925171,-0.08678796854312176,-0.07211442928530798,-0.07246020367350059,-0.1588144147022419,-0.2510846685946969,-0.2444354203252106,-0.1744595389012894,-0.21595542209967622,-0.24203342653853488,-0.24254361269971592,-0.21336500158758853,0.003883495145631,0.02310679611650457,0.015533980582523865,0.02330097087378613,0.0009708737864073669,0.011650485436892843,0.0056310679611648595,0.029126213592232775,0.019805825242718456,0.028155339805825186,0.051844660194174885,0.014951456310679845,0.01747572815533993,0.006990291262136017,0.035922330097087674,0.03786407766990307,0.02912621359223322,0.020388349514563364,0.048155339805825426,0.05398058252427207,0
ECL,-0.0237027546444587,-0.05781951552611386,0.020981034084429417,-0.008404344417580534,-0.011630794489974505,-0.036863933012298844,-0.102864551888465,0.03556902802348261,0.07383535745149028,0.0641611650420173,0.05986152397114064,0.05299185235536652,0.0095257397648966,0.02168625861370077,0.019456830158086857,0.038710985002026854,0.04134576408593449,0.03769760843129344,0.020267531414674078,0.007296311309282988,0.0022294284556148014,0.022496959870288435,0.03364410214835889,0.014389947304418893,0.028374543980543843,0.01743007701662025,0.05391163356303297,0.05411430887717961,0.04641264693960356,0.0314146736927452,0.04377786785569615,0.0405350628293486,0
NWL,0.0243589743589744,0.0064102564102566095,0.09107651607651612,0.12015059015059015,-0.03455215611089535,0.04389048120509442,-0.0618661090305308,-0.022048207548868493,-0.043458808000311766,-0.09900949213197063,-0.183980954662614,-0.182531542503933,0.0421089879688605,0.05520169851380041,0.04847841472045289,0.07926397735314916,0.06334041047416838,0.06475583864118883,0.05449398443029008,0.061571125265392546,0.07077140835102602,0.08209483368719006,0.09377211606510949,0.06334041047416838,0.07926397735314916,0.07749469214437354,0.10226468506723263,0.09695682944090578,0.08987968860580309,0.08634111818825185,0.053432413305024795,0.05980184005661715,0
GL,0.0022388059701492,0.02351510429868653,0.00877098805874077,-0.0402228706390062,-0.0846757061041471,-0.05166817262107892,-0.12426284619941153,-0.09152738029379681,-0.05699628015963165,-0.07273416189047999,-0.0954118590181583,-0.09140814940385422,0.0230235783633845,0.03467406380027738,0.028016643550624165,0.05714285714285716,0.03273231622746153,0.034396671289875114,0.02773925104022168,0.049930651872399645,0.04160887656033241,0.0629680998613038,0.06796116504854366,0.039112343966712926,0.058529819694868035,0.05409153952843293,0.08238557558945914,0.06796116504854388,0.06796116504854388,0.05963938973647731,0.07766990291262177,0.0712898751733706,0
ORCL,-0.2316926770708283,-0.3877932125231045,-0.5117142238854973,-0.40717098720457157,-0.3619757431108126,-0.3819542804477468,-0.4891861876255824,-0.33522442553061116,-0.19551561456144673,-0.29705247874301166,-0.22701474582069747,-0.23023283597131883,0.016360294117647,0.08639705882352944,0.07169117647058831,0.09402573529411784,0.07261029411764741,0.06792279411764746,0.028492647058823817,0.05882352941176494,0.04136029411764741,0.05974264705882382,0.08088235294117685,0.06158088235294179,0.10147058823529487,0.08363970588235348,0.09650735294117707,0.08731617647058898,0.0992647058823537,0.08455882352941257,0.09834558823529482,0.0992647058823537,0
ADSK,0.0433519553072625,-0.16103006304763634,-0.38611955832753875,-0.3952478920327054,-0.4112345414125055,-0.3809817708131481,-0.39762204579128924,-0.4175353665915772,-0.23148405694237906,-0.29507517731084154,-0.26660328335821537,-0.29295286599205195,0.0675675675675675,0.10540540540540544,0.1074324324324325,0.11351351351351346,0.1182432432432432,0.11216216216216224,0.07972972972972991,0.11621621621621636,0.0614864864864868,0.04054054054054079,0.03648648648648667,0.03648648648648667,0.07500000000000018,0.058783783783783905,0.06756756756756777,0.05405405405405417,0.06148648648648658,0.043243243243243246,0.06486486486486487,0.06824324324324338,0
MRO,0.0415899626458866,0.05099104573644819,-0.008322758604254687,-0.027334735529370602,-0.12676310958420278,-0.10321050764041018,-0.16161298481695185,-0.22741396160453498,-0.2553390537556449,-0.21125222567420499,-0.2332615990487169,-0.16450691563992748,0.0241971507700342,0.005422195955000708,-0.00834289719818837,0.009593644554094949,-0.015435047040470384,-0.022114862589596607,-0.030038553256409806,-0.03504841491825439,-0.036299162274160746,-0.038381450454598176,-0.019606495639564625,-0.04255289905369253,-0.030038553256409806,-0.04464205947234934,-0.035460749211410514,-0.04881350807144369,-0.04672434765278688,-0.04589280682825558,-0.04255289905369242,-0.054654910557819125,0
AEE,0.0426829268292683,0.020924713350298774,0.06273401113512045,0.04547552193324633,0.06274204020662633,0.07248079887976844,0.019836193455305073,-0.010771135279848076,0.013745069545930022,0.03035165136978768,-0.02937172578745506,-0.04068957131692963,0.004086845466156,0.004342273307790689,0.003320561941251743,0.023754789272030674,0.014303959131545474,0.02171136653895278,0.011238825031928856,0.026819923371647958,0.014559386973180377,0.019157088122605526,0.029629629629629894,0.025542784163474108,0.029374201787995213,0.029374201787995213,0.0395913154533849,0.03448275862069017,0.041634738186462794,0.03422733077905549,0.053639846743295694,0.0515964240102178,0
AMGN,0.025958397799553,-0.08711626997071575,-0.17681461451543334,-0.2737517601834073,-0.2003384881729966,-0.21361087841078918,-0.2703064893130819,-0.19319568136825205,-0.18455751949853305,-0.19406073384909184,-0.1503792924482773,-0.09080933292937476,0.0269337016574584,0.03125,0.030041436464088633,0.03418508287292843,0.004834254143646799,0.011395027624309773,-0.00673342541436428,0.005524861878453358,0.00258977900552515,0.02313535911602238,0.04109116022099468,0.030732044198895414,0.04126381215469643,0.03245856353591181,0.0740676795580113,0.09633977900552515,0.10082872928176823,0.08097375690607778,0.08615331491712763,0.06664364640884046,0
IPG,0.1944250871080139,0.0690970055042166,0.14249356158157855,-0.14226377850940286,-0.27592796159191,-0.3607828929695166,-0.4445399590771293,-0.5893232433695638,-0.48682545519552334,-0.5208555974239368,-0.5620320695203174,-0.6723728271993071,0.0213903743315508,0.04385026737967901,0.08235294117647052,0.10160427807486627,0.06951871657753994,0.05454545454545445,0.04064171122994664,0.05882352941176494,0.036363636363636376,0.06844919786096271,0.0983957219251339,0.07272727272727297,0.09411764705882386,0.0780748663101607,0.140106951871658,0.18716577540106982,0.17754010695187183,0.16042780748663144,0.20855614973262093,0.21818181818181892,0
COST,-0.0363026259940575,-0.018479170597285988,-0.0366334837669402,-0.05306115783381782,-0.14301176781849056,-0.17176708280805908,-0.19125391106806444,-0.15436939110219328,-0.1911800129617185,-0.31288183518611323,-0.2975543926454832,-0.2599712337935818,0.0377855855394728,0.046070262543095986,0.04905362372357125,0.06993715198689676,0.06231056936131951,0.08916081998559533,0.07324956035639496,0.1269464055250682,0.10407762588797076,0.11667282106779497,0.14086875770061846,0.11865807244156712,0.14053605443171757,0.1302588138945664,0.11832902525254418,0.11368945988732038,0.11136784916476916,0.09711644980019596,0.13589648906649376,0.15478745379629122,0
CSCO,0.1675862068965516,0.013938229462624907,0.0996525952522489,-0.029718298306839253,-0.07528788689791988,-0.015445192367430916,-0.24131364823607904,-0.20430455790613167,0.0772936475535857,-0.0806158447588291,-0.06238244427349704,-0.030481255247299388,0.0253067484662576,0.06518404907975484,0.06288343558282228,0.09892638036809842,0.04907975460122738,0.03067484662576736,0.0038343558282214474,0.03604294478527659,0.015337423312884013,0.031441717791411694,0.04601226993865093,0.03680981595092092,0.0704754601227,0.06365030674846683,0.10199386503067553,0.09279141104294553,0.10889570552147321,0.10736196319018476,0.16027607361963292,0.1648773006134978,0
EMN,0.1086116791638265,0.020663362236424954,0.0704235941821918,0.07963153907838261,0.03012421554260314,0.046923523247941246,-0.10940336789895422,-0.1576189065447161,-0.09294517922660273,-0.16410010626972882,-0.22980206292362892,-0.2778132363970759,0.0110003437607424,0.03128222756961141,0.034719834994843435,0.046751460983155635,0.022688209006531457,0.012719147473358783,-0.0017188037126156797,0.005500171880371552,-0.009281540048126091,0.00378136816775565,0.029563423856995952,0.007218975592987897,0.007218975592987897,-0.0013750429700921663,0.020969405293916,0.012375386730835825,0.04159504984530815,0.030594706084565715,0.0605018906840844,0.05190787212100445,0
KEY,0.0659999999999998,0.12397824456113993,0.09587878844711151,0.09587878844711151,0.05995495339304435,0.08544241982959466,0.022773480118678524,-0.0009453770771964409,0.08244747143089493,0.026895450255573605,-0.030355886193696446,-0.04325759581606725,0.0281195079086113,0.035588752196836326,0.01493848857644986,0.048769771528998085,0.026801405975395376,0.026801405975395376,0.009226713532513031,0.03471001757469239,0.01625659050966588,0.047451669595782064,0.05975395430579966,0.02811950790861162,0.025043936731107275,0.014499121265378001,0.03778558875219695,0.04261862917398962,0.038664323374341114,0.03690685413005301,0.05228471001757473,0.05052724077328663,0
UNM,-0.0182776801405974,-0.008091652492682289,-0.1091486974818906,-0.10209244954115304,-0.2709845840322219,-0.17478020362591695,-0.2698598758168438,-0.26376042514799203,-0.38466251219476777,-0.36993464471081294,-0.37352067405224254,-0.5335491845749802,-0.0071428571428571,0.004081632653061273,0.015306122448979664,0.011224489795918613,-0.0010204081632650963,-0.012244897959183265,0.003061224489796288,4.440892098500626e-16,-0.00918367346938731,0.045918367346939215,0.12448979591836795,0.12244897959183754,0.15918367346938855,0.16428571428571503,0.22551020408163325,0.26020408163265385,0.14795918367347016,-0.01938775510204005,0.029591836734694565,0.07653061224489877,0
MSFT,0.0213378492802709,-0.10788708000356062,-0.1292663198424323,-0.06591229055463899,-0.17188602551388732,-0.14577902757926842,-0.22993352568666947,-0.06948125691449081,0.02369485220622125,-0.09761255142264869,-0.18112221205581058,-0.19017719281129608,0.0257458111973847,0.062116877809562654,0.05271761340416847,0.07192480588475703,0.034327748263179636,0.04658765835717227,0.009767061708214397,0.01716387413159004,-0.008173273395994718,0.008581937065795353,0.04617899468737274,0.012259910093993076,0.04658765835717249,0.02411115651818596,0.05230894973436917,0.04127503064977578,0.03514507560277935,0.037597057621578056,0.06048222313036433,0.0514916223947699,0
UNH,0.0526170798898073,0.21618823401478937,0.24218100842005463,0.263574125787289,0.19358736925122577,0.20725179248249326,0.1969592058693086,0.24344305852442738,0.1135617055174778,0.13600980342955915,0.19572819688011323,0.1275835231641611,0.0003272608268789,0.004690738518599247,0.017126649940002014,0.01483582415184892,0.008181520671975528,0.022144649285480433,0.008181520671975528,-0.0003272608268790611,0.013744954728919012,0.026944474746372737,0.035889604014399445,-0.008945129268026597,0.002072651903567202,-0.029126213592232997,-0.0040362168648413466,-0.0034907821533763927,-0.006763390422166449,-0.011999563652230871,-0.0091633031526126,-0.015272171921020927,0
LUV,-0.0807600950118764,-0.11197036234303814,-0.16630955185787977,-0.21213814959200805,-0.32251730048976524,-0.2936882494467765,-0.33969710363456707,-0.26352770917224444,-0.12462012406950052,-0.2625587711858216,-0.3174746073741115,-0.3687293878165153,0.0167014613778706,0.043841336116910545,0.023660403618650294,0.0647181628392488,0.05497564370215757,0.03688239387613135,0.023660403618650516,0.0187891440501049,0.022964509394572508,0.04314544189283298,0.07376478775226225,0.05775922059846961,0.07933194154488588,0.05497564370215802,0.06193458594293744,0.07515657620041827,0.06332637439109345,0.06123869171885987,0.08559498956158773,0.1057759220598482,0
MU,-0.003030303030303,-0.28181818181818175,-0.3016607310215558,-0.39913106303216417,-0.4264967883690931,-0.48741293260968166,-0.6270175280224566,-0.5301008227054571,-0.5385648451536197,-0.7276134298058337,-0.7706365393544506,-0.776782697861396,0.0158924205378974,0.0806845965770171,0.07334963325183375,0.13691931540342317,0.10024449877750619,0.06601466992665062,0.04156479217603937,0.056234718826406294,0.02200488997555028,0.04034229828850888,0.07701711491442587,0.07457212713936445,0.11980440097799527,0.11858190709046479,0.16625916870415658,0.1466992665036677,0.11858190709046479,0.04523227383863104,0.07823960880195613,0.05867970660146726,0
BSX,0.1101769911504424,0.1066244247787611,0.2412199045545107,0.31144387753291025,0.33097129905962697,0.3054445951409195,0.45274440841493013,0.7190808832910007,0.9279411775226174,0.9064199736805045,0.8051190996108712,0.9590199171944023,0.0364963503649635,0.04622871046228716,0.041362530413625365,0.034063260340632784,0.020924574209245872,0.0423357664233579,0.05961070559610726,0.05231143552311468,0.04379562043795637,0.03649635036496379,0.05231143552311468,0.030413625304136715,0.026763990267640647,-0.013138686131386135,0.046228710462287825,0.04379562043795704,0.062043795620438935,0.04622871046228827,0.06204379562043916,0.05839416058394287,0
AMAT,0.2179084380610412,0.09722293808647997,0.0035630831652835315,-0.1401905476665003,-0.32531047196838303,-0.3962590693568384,-0.4697180419065766,-0.3216903974345402,-0.22381350847375237,-0.427957580057296,-0.49090351176846336,-0.4484079785270998,0.0443388756927949,0.079176563737134,0.09738717339667469,0.1298495645288995,0.08630245447347606,0.07600950118764849,0.03958828186856689,0.06492478226444942,0.03800475059382413,0.04433887569279471,0.09659540775930298,0.10372129849564504,0.16785431512272342,0.17656373713380802,0.2482185273159141,0.1923990498812349,0.16627078384798089,0.1298495645288993,0.18368962787015009,0.1718131433095802,0
BK,0.1160690571049138,-0.007607125164791895,-0.0062383074063986355,-0.0696405790559208,-0.12097643379671219,-0.027457401572377416,-0.1851057061571464,-0.26073790509720174,-0.13705366998846458,-0.32650833657731626,-0.30023248112550727,-0.3701815851457545,0.0560975609756098,0.07268292682926836,0.08048780487804863,0.1292682926829265,0.09902439024390253,0.10536585365853668,0.09951219512195109,0.12195121951219501,0.10195121951219499,0.1175609756097562,0.20975609756097557,0.1790243902439026,0.20487804878048754,0.1965853658536587,0.25365853658536586,0.2634146341463415,0.25121951219512195,0.24048780487804877,0.2721951219512193,0.28048780487804903,0
ALL,0.0785265562535693,0.13991078046587369,0.10907122205630393,0.06528451406862645,0.08556204771443676,0.061882244833938005,0.020267940644499882,0.13369437650386073,0.12105628363176302,0.04981954257060539,-0.012215248581293858,-0.10348259146703931,0.0464071856287426,0.04610778443113772,0.053592814371257624,0.08532934131736569,0.048802395209581295,0.06646706586826401,0.05988023952095878,0.061377245508982714,0.06437125748503036,0.0763473053892223,0.12125748502994083,0.10329341317365337,0.1167664670658688,0.11616766467065953,0.14341317365269535,0.13772455089820435,0.1242514970059887,0.12455089820359366,0.13772455089820435,0.1242514970059887,0
CMA,0.0419650291423814,0.0467951099999786,0.06338457291598454,0.019388177627501335,-0.03045598674054828,-0.023780984928090887,-0.18839170850400933,-0.2678756610182861,-0.20341505829874662,-0.2809116309151941,-0.328961314563718,-0.3210082634770658,0.0279388508170796,0.034001054296257216,0.030047443331576273,0.05166051660516624,0.023985239852398754,0.02214022140221439,0.004480759093305586,0.037163943068002636,0.038481813389563024,0.06562994201370653,0.09119662625197744,0.05587770163415984,0.06273062730627377,0.06141275698471338,0.09778597785977916,0.10701107011070166,0.10121244069583613,0.09251449657353783,0.11992619926199333,0.133104902477597,0
AON,0.0071942446043165,0.03411064252046647,-0.03299807609904337,-0.14649051746705988,-0.3123863565075533,-0.42790544861428426,-0.4067703766248324,-0.4693070279908823,-0.46520222047257975,-0.4494643021649608,-0.454364358114278,-0.4443657992315554,0.0222437137330755,0.05415860735009681,0.04690522243713735,0.0647969052224373,0.07059961315280483,0.06624758220502946,0.06237911025145104,0.08075435203094816,0.06382978723404298,0.08317214700193465,0.0967117988394588,0.06866537717601595,0.07591876208897541,0.061411992263056714,0.1329787234042561,0.10493230174081325,0.10541586073501041,0.07688588007737018,0.08800773694390784,0.06818181818181879,0
AZO,0.0375226039783,0.1494419519293122,0.2380816392342966,0.16925730864766209,0.11411791360161594,0.11181284205623321,0.2152122068545328,0.3113833792389691,0.25163577200728726,0.0699100700824542,-0.012587209197780003,-0.017068659080392012,0.0203193033381712,0.0522496371552974,0.10740203193033371,0.13062409288824384,0.1082728592162554,0.08635703918722792,0.07489114658925988,0.0950653120464442,0.09332365747460081,0.10812772133526827,0.12902757619738736,0.08998548621190117,0.11741654571843219,0.09999999999999987,0.13904208998548606,0.15965166908563133,0.15108853410740197,0.13280116110304796,0.15239477503628462,0.16400580551523958,0
ADBE,0.0933514246947082,0.09664465187752369,-0.015202190726900433,-0.22058490518513363,-0.347263695499329,-0.2846237884152951,-0.3039385816980201,-0.1389381512999055,0.08062713098656138,-0.12272885513591802,-0.07289985410763822,-0.05362828463103386,0.0121755847484781,0.050624799743671955,0.06023710349247069,0.07016981736622885,0.05895546299263077,0.04325536686959364,0.02787568087151615,0.04902274911887283,0.034604293495674954,0.06664530599166985,0.10829862223646325,0.0519064402435121,0.11246395386094243,0.10990067286126282,0.1573213713553352,0.1310477411086195,0.14098045498237788,0.11566805511054201,0.1326497917334193,0.12207625760974117,0
CAH,0.0724659606656581,0.04841149773071107,0.006172247497228334,-0.06874095374823219,-0.12651813932418454,-0.017579118018735906,-0.04907284688399283,0.046322230002525444,-0.07084170224595343,-0.12369535302641776,-0.14808583236718242,-0.16854918801219554,0.0124780316344463,0.04007029876977164,0.03391915641476295,0.04042179261862944,0.03321616871704758,0.02231985940246073,-0.006326889279437364,-0.005272407732864526,-0.009841827768013789,0.013532513181019556,0.02513181019332178,0.0035149384885766466,0.0061511423550089095,-0.020210896309314275,-0.03339191564147603,-0.08312829525483278,-0.051318101933215954,-0.05184534270650232,-0.056239015817222904,-0.034094903339191185,0
SCHW,0.0022970903522203,-0.1060169256764455,-0.05107503348799192,-0.12310564150705527,-0.30423718896171503,-0.28635725080095453,-0.30239416651329276,-0.27882640186847163,-0.0874623549958512,-0.13678871418526461,-0.2718382383154748,-0.3760869937844089,0.089041095890411,0.09315068493150691,0.08904109589041109,0.1383561643835618,0.12876712328767126,0.1095890410958904,0.07260273972602738,0.10958904109589018,0.09041095890410933,0.15068493150684925,0.1917808219178081,0.15753424657534243,0.19726027397260304,0.17534246575342505,0.24657534246575374,0.2534246575342469,0.2260273972602742,0.2000000000000004,0.23013698630137025,0.20136986301369908,0
EFX,-0.0036654448517161,-0.08658187762915703,-0.07891449922969362,-0.09893809707252643,-0.28986942966310625,-0.2256749565600522,-0.27126292448552103,-0.21025549682055544,-0.17281071434221962,-0.2122979395011917,-0.2718177411364644,-0.34857575909502747,0.0214250124564026,0.021425012456402603,0.008968609865470878,0.03687095166915788,0.03388141504733433,0.002989536621823774,-0.01943198804185342,-0.006975585450921695,-0.004484304932735217,0.014947683109118204,0.04534130543099146,0.039860488290981655,0.04683607374190357,0.02640757349277556,0.05181863477827631,0.0463378176382665,0.13851519681116153,0.11360239162929808,0.16342800199302498,0.14598903836572052,0
APA,0.0752362948960296,0.08886342155009386,0.05348245546323582,0.09086960079313289,-0.021258110786648743,0.04639861009877877,0.1412290840281123,0.04994629480190227,0.04645035819323873,0.092256518561038,0.1818260978397086,0.23597577165934247,0.0066504460665044,-0.005515004055150041,-0.01524736415247352,-0.0095701540957015,-0.03309002433090025,-0.04152473641524723,-0.033576642335766405,-0.01703163017031628,-0.01719383617193826,-0.02449310624493095,-0.029359286293592635,-0.046877534468775295,-0.006650446066504334,-0.001946472019464629,0.005677210056772353,-0.0048661800486615725,-0.041038118410380964,-0.04379562043795582,-0.05433901054338974,-0.07607461476074573,0
PGR,0.0667091835032895,0.1168889750061366,0.14314679896691995,0.11406765711517974,-0.01325487774322942,0.035888083835965645,-0.02442337072938472,0.054779731609287285,0.09418823035297996,-0.04795629547248781,-0.08195064732719493,-0.011433847436439604,0.0433769674166655,0.045050547709253985,0.04119904436645627,0.07971931318638137,0.07151196374316537,0.0845760117831218,0.07034098107754816,0.08876258021056738,0.0936192788073078,0.07904918301708652,0.0914431008877481,0.09361927880730803,0.09194569851471934,0.09763831469242956,0.12878889678075756,0.14955595150630985,0.13481832317376452,0.13012915711934792,0.13130188491561445,0.14503431799421684,0
YUM,-0.0037290037290037,0.06863245617822988,0.10943374147596208,0.013298908742292115,0.05780331674324568,0.06943976128436335,-0.0229407607173705,-0.20587527748314893,-0.132989864653419,-0.13406386313501772,-0.17870660427659135,-0.1625252181274598,-0.0032867284762153,0.012741074388668894,-0.0032867284762150284,0.0049329507390856175,-0.0012346666971518871,0.01931453134109984,-0.006579173001954541,0.025482148777337343,0.017262469562036697,0.00904279034673583,0.014387296651538595,0.009865901478170791,0.012329518822951524,0.011094852125799415,-0.015621963348689927,-0.0012346666971517761,0.01849713625918925,0.01643935843060218,0.026305259908772527,0.002875172910498991,0
TFC,0.03083707595975,0.03573148732583076,0.018923505748196456,0.04630184589753794,0.008699205812568778,0.033972982867927826,-0.03127115782629919,-0.004918739825153007,0.03854824646676436,0.004336043351982788,-0.0949096572374134,-0.11931960442653744,0.0298690684043645,0.03717732215151437,0.027964088424145883,0.05274790976946253,0.039721535814577935,0.024150948196629773,0.008898387286564668,0.032731308775311385,0.015252560910065771,0.027328035008380436,0.039085482398812266,0.017160721157363223,0.01842964772181621,0.014298480786416823,0.04003956252246099,0.03654444900282772,0.03400023533976437,0.031141175235896545,0.04448875616574299,0.041626515794796815,0
CINF,0.0831062293184361,0.15798437973454837,0.11878488345262084,0.1471360598065734,-0.015442287713468228,-0.018899011911117314,-0.11604114195075688,-0.05986493197902931,-0.024387748968753176,-0.054357304995582334,-0.10464270857590574,-0.11339748463323907,0.016090012454013,0.03866756373734881,0.02596733326653,0.03669209957484565,0.0282262335914798,0.03020169775398296,0.01891292211231521,0.02681477876232874,0.018629485949869018,0.03669209957484587,0.04741972887470136,0.03866756373734925,0.04290192822480221,0.03725610890819819,0.07253961664543307,0.06689379732882927,0.05278211202885896,0.047700302045607934,0.0522152397039668,0.04064589089139292,0
COF,0.2912032355915066,0.21112234580384226,0.26989889625511165,0.24842717578703,-0.3490930678873544,-0.26987892237553246,-0.26987892237553246,-0.37155962612379867,-0.30310745941549855,-0.405350378806449,-0.38861355171987544,-0.3903851158005326,0.0813953488372092,0.10598006644518265,0.10398671096345491,0.1611295681063123,0.11926910299003302,0.10963455149501633,0.0996677740863785,0.1594684385382057,0.1398671096345514,0.1710963455149499,0.2438538205980063,0.21893687707641152,0.24850498338870386,0.19933554817275723,0.30099667774086347,0.2980066445182723,0.260797342192691,0.25747508305647826,0.29734219269102957,0.3455149501661128,0
RF,0.0588773670667632,0.07637232159461127,0.11120444271035979,0.07897458257734513,0.33914909674226457,0.38214843469892634,0.27117388688104516,0.3142983488849671,0.35028526922359626,0.28875694898257076,0.24969023730828832,0.23230886398760497,0.0265073345899113,0.0314293448163685,0.00454454021918127,0.013631137302231977,-0.007949220350599528,-0.0034071634867296474,-0.027262274604462844,-0.0064368569661837904,-0.0049220102264568855,0.009466550445638378,0.02877712134419097,0.0007574233698641741,0.012118773917816572,0.00908908043836254,0.028777121344191192,0.03521397831037554,0.031049391453781938,0.024235064480321533,0.0408958952620071,0.03521397831037576,0
AES,0.6981132075471699,0.5564420485175201,0.2711590296495958,0.05508146105678535,-0.6009378237700351,-0.397416113892753,-0.4837933262357714,-0.6270670152805369,-0.5265760912543342,-0.3350045560874835,-0.24590385935410708,-0.2846859465873244,0.0344827586206897,0.037135278514588865,0.11405835543766574,0.32095490716180364,0.2068965517241379,0.2334217506631302,0.18567639257294433,0.15915119363395247,0.1379310344827589,0.1883289124668439,0.18037135278514627,0.1883289124668439,0.17506631299734776,0.22015915119363427,0.3289124668435017,0.32360742705570344,0.45623342175066384,0.47214854111405913,0.5251989389920433,0.5888594164456245,0
CCL,0.1916058394160584,0.22318614825728544,0.1099957882692979,0.0027988051281193638,-0.037167813916841874,-0.10416336146559402,-0.07390858207522288,-0.03435098458302677,0.033834155818553535,-0.08042202539490506,-0.11210620240453562,-0.1537377373125388,0.0133444537114262,0.06380316930775654,0.06630525437864887,0.09466221851542955,0.09674728940783983,0.08256880733944971,0.06046705587990009,0.040450375312760745,0.043369474562135135,0.0775646371976646,0.10300250208507067,0.08632193494578799,0.11551292743953279,0.11426188490408662,0.12593828190158463,0.13844870725604652,0.11551292743953279,0.09216013344453722,0.13219349457881568,0.15512927439532942,0
LUMN,0.0210210210210211,-0.159516128312562,-0.05870664659282587,-0.10713331429223039,-0.20113508779594091,-0.17205762930575497,-0.301851602455943,-0.12290270055773256,-0.04429200399515809,-0.09946437066638059,-0.07569388704945268,-0.1636067538030055,0.0112400290065266,0.038796229151559114,0.018854242204496163,0.036983321247280765,0.021754894851341522,0.020667150108774512,0.013415518491660672,0.017041334300217592,0.0029006526468455807,0.025380710659898442,0.055112400290065366,0.047135605511240186,0.06236403190717921,0.047860768672951526,0.038796229151559336,0.07034082668600461,0.04604786076867318,0.042422044960116256,0.07215373459028318,0.06417693981145822,0
CMS,0.0333333333333334,-0.10610664283586524,-0.17676114072492222,-0.5033427101736069,-0.6333766187826988,-0.524964060655865,-0.6286333975641388,-0.6436518998685303,-0.5430845881046233,-0.5665043730359441,-0.7404519319021967,-0.7921768138006914,0.1010752688172043,0.10322580645161294,0.06451612903225801,0.07956989247311808,0.027956989247311936,-0.0021505376344086446,0.023655913978494647,0.02795698924731216,0.02365591397849487,0.05161290322580658,0.17419354838709689,0.20430107526881724,0.22365591397849482,0.22580645161290325,0.24731182795698903,0.33333333333333326,0.3634408602150536,0.3032258064516127,0.39784946236559104,0.37634408602150504,0
AFL,0.136801541425819,0.16805381747876247,0.2559214567073551,0.25474513314503167,0.2319957684303049,0.22241136050734633,0.25052682179901553,0.24195877505912056,0.25006291062231223,0.21340299284383013,0.2877497686176822,0.24204260090440055,0.0224438902743142,0.030548628428927804,0.04239401496259343,0.05642144638404001,0.050498753117207196,0.05891521197007488,0.054862842892768215,0.06764339152119714,0.045822942643391595,0.06764339152119714,0.10037406483790523,0.07948877805486299,0.08790523690773067,0.07231920199501252,0.08790523690773067,-0.1271820448877804,-0.040523690773067056,-0.031795511221945016,-0.01309226932668306,-0.005610972568578454,0
NTAP,0.2396593673965934,0.07301864886262677,-0.19306516637556204,-0.2307839593649036,-0.476462775239508,-0.39824757539577194,-0.5210808607655819,-0.42791163807297405,-0.1124311431848043,-0.380621872424846,-0.3390446634661979,-0.3642472897392466,0.0476190476190476,0.10758377425044108,0.13315696649030007,0.16578483245149944,0.15520282186948875,0.1384479717813054,0.09523809523809557,0.14206349206349245,0.11022927689594386,0.1375661375661379,0.16843033509700223,0.17019400352733727,0.24691358024691423,0.24691358024691423,0.30335097001763733,0.2874779541446215,0.2716049382716057,0.21781305114638516,0.24691358024691423,0.2539682539682546,0
BBY,0.1647050301300732,0.10665521299364511,0.034273218490149526,-0.17936410755285503,-0.25867717511068766,-0.5171716276453613,-0.47835800824007835,-0.5221755358441251,-0.3468542560644021,-0.46711325165073847,-0.43252955099218593,-0.37395214161503565,0.0816997323256181,0.12159502440560499,0.14499291450165308,0.15477483860809294,0.13962368131002978,0.1526649346559592,0.13501810738466347,0.16992599590615587,0.15074791371437501,0.18334907888521457,0.21020311761927202,0.19102109903952091,0.24433947409856627,0.2428042827901109,0.3018776570618793,0.284998425444811,0.2830814045032273,0.2662061092741297,0.30418044402456235,0.3164541017162643,0
VMC,-0.0163459548934409,-0.04779639975170691,-0.010990267103672902,-0.09375258784813545,-0.16896495810835832,-0.2022881344498927,-0.2607570205460821,-0.3139105533607994,-0.22822605913074712,-0.23536267417181023,-0.313942004098818,-0.36129108751637384,0.01871921182266,0.04236453201970436,0.04433497536945796,0.045977011494252595,0.041050903119868476,0.04926108374384208,0.026929392446633615,0.041050903119868476,0.03842364532019693,0.05090311986863694,0.04761904761904745,0.03776683087027921,0.05090311986863694,0.03382594417077178,0.04269293924466333,0.05681444991789819,0.04761904761904745,0.031198686371100015,0.06239737274220025,0.09523809523809512,0
ADI,0.1899603698811096,-0.009438394801670857,-0.014551318055886608,-0.20142357834269664,-0.35633137919929714,-0.33423116904304984,-0.44188740553821615,-0.24227874713395092,-0.13229607274406552,-0.35173418642882126,-0.36028862190687394,-0.22080268232265843,0.0473265895953756,0.07117052023121362,0.07117052023121362,0.09934971098265888,0.06575144508670516,-0.00867052023121384,-0.010838150289017245,0.013367052023121717,-0.026372832369941812,0.00939306358381553,0.10187861271676346,0.07695086705202359,0.131502890173411,0.13764450867052092,0.18280346820809323,0.1842485549132955,0.15606936416185047,0.14053468208092568,0.1932803468208102,0.19978323699422074,0
XLNX,0.0971648775116984,0.041975497355174474,-0.023390323318887463,-0.36653108594686656,-0.4400613329949501,-0.43331508399488927,-0.5298504086071795,-0.4488802012006381,-0.28112271877097517,-0.41903209127823005,-0.45715982466459737,-0.3762649264836567,0.0290159798149705,0.0668629100084106,0.05298570227081578,0.08494533221194289,0.015559293523969675,-0.002102607232968734,-0.011774600504625643,0.005466778805719219,0.000420521446593769,0.014718250630782137,0.06181665264928515,0.08662741799831797,0.11312026913372586,0.09545836837678734,0.133305298570227,0.1400336417157273,0.12195121951219501,0.10765349032800664,0.1320437342304459,0.1404541631623215,0
CTXS,0.1279438647113311,-0.23796161009204264,-0.29663089200400106,-0.6066321629533418,-0.6423291427155906,-0.5903069635005552,-0.5976474506962828,-0.49788406301734345,-0.21856328130663216,-0.1977260591912986,-0.12271346169260666,-0.24317363793323654,0.0295852350144352,0.10394374517632032,0.11001324427589987,0.11456775066459568,0.083457994683233,0.08269573419976917,0.02958523501443522,0.0652494973844937,0.050070985507522536,0.0872502405884652,0.13429124067421938,0.11912225705329149,0.19726348486436507,0.1509847452620745,0.1760250021438572,0.2814837400310617,0.3581195033872946,0.3611494888090627,0.4188144943830925,0.4233690007717881,0
A,0.1116040037564711,-0.04369597603308628,-0.15940946786849397,-0.24952891875057925,-0.43066433532566306,-0.5872724403432499,-0.5954903159136611,-0.5799328062113858,-0.4030244194460837,-0.4572377949077865,-0.5090762161866264,-0.6067570860414045,0.0515403551540356,0.08937405893740591,0.10145551014555121,0.12157931215793139,0.08293300829330108,0.08696015869601603,0.04348605434860575,0.09260055926005628,0.05798140579814115,0.0700509070050912,0.09662770966277145,0.09984225998422658,0.13446141344614193,0.1489567648956771,0.17230706723070743,0.21900767190076809,0.20612557061255798,0.17633421763342283,0.20451232045123313,0.21578117157811838,0
RAD,0.0206489675516226,-0.051185563888960894,-0.01615241547870705,-0.30983826160446615,-0.3915308755369986,-0.41918856301258955,-0.41640956092174064,-0.5072514688914699,-0.37673969578704836,-0.3637551061159452,-0.32083382359202084,-0.4029308339270513,0.0173913043478259,0.05652173913043468,0.08260869565217366,0.13913043478260878,0.13043478260869557,0.16086956521739104,0.19130434782608674,0.19565217391304346,0.26086956521739113,0.3652173913043475,0.4130434782608694,0.30434782608695654,0.31739130434782603,0.2999999999999998,0.4130434782608694,0.4869565217391303,0.5217391304347825,0.5173913043478264,0.5391304347826087,0.5304347826086959,0
EOG,0.1425352112676057,0.18979131765630486,0.18114876571207028,0.13980568786507508,-0.013031893007741768,-0.008764230394630146,0.03799762012257113,0.06461294371545745,0.12008260048434982,0.13313982289242898,0.08579726910532881,0.1566527524903294,0.0097965335342877,0.0037678975131874015,-0.022858578246671923,-0.0424516453152477,-0.05752323536799797,-0.07133885958301944,-0.045465963325797665,-0.03215272544586789,-0.03918613413715155,-0.04420999748806853,-0.031650339110776415,-0.052750565184627174,-0.026124089424767738,-0.018085908063300682,-0.005777442853554415,-0.024114544084400835,-0.04144687264506397,-0.03968852047224314,-0.04797789500125582,-0.0718412459181107,0
GRA,-0.0434476407172653,0.5056760948377519,0.20010462704196352,0.3139975085224136,0.05548155603072913,-0.05449412058403935,-0.32765306248862835,-0.31183487376529573,-0.13877690111588492,-0.2907601000656468,-0.12873527440231847,-0.11427575744870178,0.2666334413157238,0.16662513497798837,0.1999335492981147,0.30666998920176103,0.16662513497798837,0.27327851150427773,0.3666417476534596,0.41996843591660427,0.33333333333333326,0.37328681784201345,0.3599966774649057,0.3466234737104412,0.4065952321621398,0.3999501619735859,0.4332585762937122,0.4999584683113216,0.6799568070437743,0.7599468394384912,0.7866101835700638,0.6666666666666665,0
CCK,0.5592334494773517,0.9638667383797519,0.4476104732284141,0.20195536261995573,-0.39902231869002214,-0.0006599699359796096,-0.0985334780350332,0.09893061725253105,0.48355633329091696,0.3810623945740974,0.21765424865120808,-0.005002528245012905,0.0301953818827709,0.08170515097690956,0.030195381882771155,0.06571936056838412,0.07104795737122616,0.07282415630550676,0.055062166962700276,0.033747779751332585,-0.015985790408525324,0.04795737122557786,0.049733570159858465,0.003552397868561874,-0.01420959147424472,-0.05861456483126071,-0.021314387211367136,-0.007104795737121972,0.00177619893428127,-0.030195381882770156,-0.021314387211367025,-0.06039076376554098,0
INTU,0.0124043283188175,0.04028328307189266,0.1661519602341417,0.3325919435265807,0.19241899646590088,0.21640365285195795,0.24961322911438732,0.4224932877794123,0.476699152094332,0.26782660962975413,0.18606604761714407,0.2771778514109833,0.0072522159548751,0.04485629868385699,0.022025248455546542,0.0730593607305936,0.03196347031963476,0.04109589041095907,0.021488047273704458,0.04324469513832985,0.05372011818426037,0.07198495836690877,0.07977437550362643,0.03008326618318602,0.08246038141283951,0.049153908138598545,0.05989793177545044,0.0386784850926678,0.03921568627451011,-0.007252215954874686,-0.014504431909749704,0.035186677410690814,0
RHI,0.1419729206963249,0.0234883582759553,-0.03955541132127083,-0.09399356614516641,-0.21753989803446194,-0.3213716091115112,-0.3690783501230043,-0.3360811875900549,-0.21926961915886178,-0.35828742676781966,-0.3965035601612994,-0.4728755819021394,0.0322822822822823,0.03678678678678682,0.028528528528528607,0.08108108108108114,0.054804804804804874,0.027027027027026973,0.007507507507507505,0.028528528528528607,0.021021021021021324,0.04354354354354406,0.051051051051051566,0.04804804804804874,0.0660660660660668,0.05105105105105179,0.11261261261261324,0.11861861861861933,0.0938438438438447,0.09084084084084165,0.1298798798798808,0.15390390390390474,0
OI,0.1502029769959405,0.05897998226867629,0.13833843302836812,-0.10624171029658414,-0.20143112070817015,-0.26431056002248743,-0.2882047469619279,-0.2526773131412885,-0.026309860275371855,-0.09577055814107771,-0.3242917590468407,-0.4476499392753467,0.0388888888888887,0.029999999999999805,-0.017777777777777892,-2.220446049250313e-16,0.01111111111111085,-2.220446049250313e-16,-0.005555555555555869,-0.030000000000000138,-0.05555555555555569,-0.05555555555555569,-0.028888888888888964,-0.011111111111111294,-0.02333333333333365,-0.04444444444444462,-0.0411111111111111,-0.004444444444444473,0.04888888888888876,-0.018888888888888955,0.025555555555555554,-0.0011111111111111738,0
AYE,0.2147435897435896,0.08011994448850124,0.2607078216427303,0.18276083267019594,0.17279374700162675,0.22625443062563266,0.009856589926991788,-0.3970453327542136,-0.5168632473992095,-0.4729417244355013,-0.6964144332748488,-0.6768282676796777,0.1267605633802817,0.16901408450704247,0.18309859154929597,0.19718309859154948,0.16901408450704247,0.12676056338028174,0.09436619718309869,0.028169014084507227,-0.01408450704225328,-0.0845070422535209,-0.09154929577464754,-0.08450704225352079,-0.1408450704225349,-0.14788732394366166,-0.14788732394366166,-0.1690140845070418,-0.1690140845070418,-0.1267605633802813,-0.10281690140845035,-0.1267605633802812,0
SYK,-0.0190243902439024,-0.1335093285234603,-0.1165066149175854,-0.13572703773747707,-0.18148742095923454,-0.08851137731078718,-0.06447354478085054,0.02432273684414943,0.0056247821239785445,0.07651571572825255,-0.03498055482931639,0.04153729225506653,-0.0055361305361304,-0.028554778554778504,-0.02753496503496511,-0.019522144522144624,-0.0582750582750583,-0.03190559440559437,-0.026806526806526842,-0.010780885780885763,-0.025786713286713336,-0.02243589743589769,-0.02389277389277389,-0.0566724941724942,-0.03205128205128205,-0.038461538461538436,-0.02505827505827507,-0.021853146853146876,-0.020979020979021046,-0.031905594405594484,-0.02389277389277411,-0.034090909090909394,0
CTAS,0.1129469489549728,0.16870704575850515,0.17027683055002085,0.10268231883962131,-0.018741031407419784,-0.014487251059259187,-0.0520253191345984,0.06692094517743663,0.14447392850158747,0.030702338757705228,-0.07076986110191985,-0.24285788590142476,0.0136050883703569,0.053205777344024874,0.04957734586049822,0.06106533930117508,0.05350865653194137,0.06529646977479842,0.036578015865974534,0.07104199618800555,0.03748665342972446,0.06378513322095203,0.09492050186163636,0.038695110795654575,0.08192423125284942,0.04625179356488851,0.07497024747371284,0.07920137794733617,0.07315603173194929,0.03990356816158491,0.09371204449570669,0.08676112010230641,0
FISV,0.0720279720279721,0.04089023010184856,-0.007409316553852574,-0.1436426794522191,-0.19444353745081633,-0.1387588328075674,-0.33378369215527515,-0.2632708864754264,-0.18890452675256286,-0.2029901210781333,-0.2686607319436707,-0.256778507454702,0.0265319014529374,0.03442830069488312,0.03727100442198372,0.047378395451673994,0.022741629816803943,-0.001263423878710812,-0.014529374605179446,-0.000631711939355073,-0.011054958938723325,0.016108654453569793,0.049273531269741655,0.04864181933038614,0.08938723941882576,0.0644346178142774,0.04042956411876242,-0.02432090966519207,-0.056222362602652565,-0.09159823120656896,-0.047378395451673216,-0.055906506632974584,0
ZBH,-0.0554785020804438,-0.034334574586515676,-0.03212101487210095,-0.0024692309346567853,0.04379062766449482,0.03453865594466454,0.07578551854945603,0.15871123790458763,0.026209199875969036,0.13109121260552792,0.11210406994788125,0.20054230702788067,0.0040983606557376,-0.03176229508196726,-0.044672131147541094,-0.03995901639344257,-0.06762295081967207,-0.03688524590163922,-0.0420081967213114,-0.021311475409836134,-0.03012295081967209,-0.032786885245901454,-0.03688524590163922,-0.08381147540983591,-0.0659836065573769,-0.06967213114754078,-0.05450819672131113,-0.010245901639344024,-0.022540983606557097,-0.02807377049180304,-0.022540983606556986,-0.03319672131147511,0
ABC,0.0087136518953145,0.14441976243849908,0.1465026881291669,0.13029142614962574,0.00823249087597766,0.0911474183280161,0.07459773097251943,0.06680216909405945,-0.13006474094067222,-0.20192329543263854,-0.1593109527121186,-0.20744197669678588,-0.0139190713283634,0.037941455018450254,0.034890026761399406,0.03813008162030296,-0.023908421784800238,0.007816214814262201,-0.02192587760491338,-0.01143941745817767,-0.008580545523851124,0.0057197087290892235,0.013535923543351203,-0.006482074578242014,-0.007627588212408498,-0.031459380440206464,-0.06756958553233872,-0.03908500379217961,0.021925877604914934,0.03431825237453512,0.06386975333142209,0.07340325616671572,0
NVDA,-0.1386401809726307,-0.28439228793599414,-0.30069424196625494,-0.6320354226266051,-0.76179071830865,-0.784297001215787,-0.8080848881816686,-0.7353653415303814,-0.6132101150476648,-0.753217169990084,-0.7877670541071732,-0.7422151749417334,0.0425858751777579,0.06463927482338261,0.06235788865314573,0.08737709032007857,0.03802310283728416,0.02281386170237032,0.027376634042844517,0.03041848226982702,-0.007604620567456921,0.018251089361896344,0.043346337234503984,0.02737663404284474,0.03954402695077541,0.05931604042616301,0.07679906311074625,0.1034228397174124,0.06387881276663698,0.04258587517775814,0.08592460779169442,0.0882059939619313,0
EQR,0.0605148504560377,0.04203973753536938,0.0656051875025252,0.05641930766367942,-0.01706773104708581,0.057551419911402446,-0.09255434599286472,-0.10051650377747012,-0.0023530502690380928,-0.06261210229950975,-0.07247803052769664,-0.07324407779654996,0.0331935658246527,0.03900341383357464,0.04315260956165612,0.057260849026741,0.060996099171621854,0.051451001017819076,0.052697707715458675,0.041491957280815894,0.041491957280815894,0.047715750872938445,0.0514510010178193,0.0643125337852648,0.08090931669759116,0.09335690388183582,0.09958069747395837,0.10580936101411842,0.10041345858839712,0.08132813222882929,0.08920770815375412,0.08713311028971349,0
SPG,0.0532590923455296,0.09041490262269303,0.10238700293852543,0.18402237183403924,0.15670569784818045,0.14384938414931403,0.14384938414931403,0.09296342284298786,0.07920061114103616,0.08237849910728112,0.03399761197263951,0.09534355392226046,0.0258898046488478,0.03479822009444633,0.031459415901832655,0.030067013088586725,0.03340877984037727,0.03340877984037727,0.030067013088586725,0.02700372689944497,0.02811764915004189,0.03368726040302672,0.03145941590183288,0.03145941590183288,0.046769921729186814,0.03953238965948391,0.05651377886273301,0.043985116102694954,0.043985116102694954,0.03006701308858717,0.027282207462094643,0.03563366178239469,0
EA,0.1275964391691393,0.10330687212821332,0.19640189454770662,0.23665641838616613,0.12624066674454415,0.18842342916196597,0.2564258597134679,0.2541148372860369,0.30969887439566746,-0.05104508693154197,-0.01705890657154696,0.000564675786048241,0.0203906785469498,0.028958190541466644,0.024674434544208257,0.03238519533927353,0.012851267991775162,-0.0058259081562712645,-0.016620973269362405,-0.01045236463331034,-0.0034270047978066653,0.008053461274845741,0.010966415352981373,0.009081562714187585,0.0311857436600409,0.034955448937628475,0.054146675805346156,0.034098697738176975,0.01953392734749837,0.020390678546950092,0.03067169294037031,0.015250171350240205,0
UPS,0.0305084745762711,0.02351908707294159,0.029315164514727154,0.05266994714780404,0.1183976316526425,0.09896667649016555,0.08508426150213255,0.03522903867635896,0.09320186484223503,0.08171252759604997,0.027712075431018723,-0.02256937487106081,0.0157618213660244,0.02329246935201401,0.016287215411558753,0.024518388791593848,0.015761821366024664,0.01646234676007019,0.005954465849387303,0.010858143607705983,0.011733800350262946,0.024518388791593848,0.029772329246935403,0.015761821366024886,0.015761821366024886,0.030647985989492588,0.05429071803852925,0.059544658493870806,0.06217162872154147,0.06339754816112109,0.0805604203152368,0.08739054290718085,0
EBAY,0.0821515470656595,0.027744364612484418,0.07262659120348713,0.19197840102352992,0.11484203523313274,0.11999283463235844,0.05393517861105668,0.2547235717880514,0.38095575003600146,0.34120908642178516,0.47786636080401035,0.539302850981243,0.0202294494153267,0.04022961516255652,0.04046166128448592,0.05731815457034184,0.03883181352331677,0.0375555598527062,0.01534819349331662,0.032555518415898765,0.009185158993030962,0.01488133879562592,0.03429862678420026,0.02581236861079006,0.05034295864330418,0.04232079271375211,0.08754768685928371,0.09289579747898502,0.08126862929803313,0.08243438481534415,0.08719961767639006,0.07208623275883541,0
PFG,0.0411522633744856,0.14177644661975153,0.24631971192963897,0.327694538481746,0.2601028165226753,0.2922662800213309,0.16660452451580832,0.2451772036784028,0.29427021170873413,0.34008115047368226,0.25866406908201367,0.20910691235509127,0.0348623853211009,0.03302752293577993,0.028623853211009465,0.05871559633027568,0.03853211009174351,0.05688073394495441,0.049541284403670005,0.062385321100917546,0.05431192660550477,0.07706422018348635,0.09688073394495422,0.06972477064220195,0.09064220183486271,0.06385321100917452,0.10091743119266083,0.10091743119266083,0.07522935779816553,0.053577981651376616,0.0770642201834868,0.07155963302752344,0
GS,0.1073619631901841,-0.024555317659653242,-0.06305154318804362,-0.08912963144921149,-0.09654010224420084,-0.04528434591219044,-0.1711822950378903,-0.10761883195057065,-0.017009738490803006,-0.16322953989029598,-0.16322953989029598,-0.14664157922732823,0.0441004672897196,0.055052570093457875,0.0565128504672896,0.0733060747663552,0.05592873831775713,0.06162383177570119,0.0502336448598133,0.060309579439252525,0.05753504672897214,0.08776285046728982,0.11784462616822422,0.0981308411214954,0.11565420560747675,0.11492406542056077,0.1438376168224298,0.14529789719626174,0.1277745327102804,0.11521612149532734,0.11726051401869197,0.11331775700934599,0
PRU,0.0117302052785923,0.04258554059206476,0.11846890497730378,0.08182437431263723,0.08313766642105924,0.003397470120122259,-0.0351167762077208,-0.015218799904419766,0.017246514384445355,0.06735221046486917,0.0765009436974251,0.010860642252460195,0.0396039603960396,0.054626152270399464,0.03960396039603964,0.07306247866165916,0.06418572891771945,0.06316148856264969,0.03277569136224012,0.02867872994196019,0.025947422328440384,0.04916353704336007,0.06452714236941004,0.04540798907477028,0.06179583475589001,0.052577671560260164,0.10071696824854981,0.09423011266643977,0.08432912256743008,0.07750085353363012,0.08979173779446992,0.0921816319562998,0
ANTM,0.9903197925669835,1.347627289053412,1.4549671798508395,1.3415008522450127,1.3641391915869616,1.1963907607986624,1.2661174516176676,1.1997750300757017,1.0525459926296903,1.1339693047340083,1.1128678538737997,1.0274960201129621,0.0149433962264149,0.008905660377358515,0.021584905660377407,0.011924528301886728,-0.0037735849056604875,-0.0025660377358491804,-0.012830188679245347,-0.009811320754717134,0.007698113207547097,0.027773584905660176,0.03773584905660354,-0.006339622641509668,0.010264150943396055,-0.0019622641509435823,0.03018867924528279,0.03275471698113197,0.013584905660377178,0.019622641509433603,0.02339622641509398,0.014339622641509342,0
TRV,-0.0614124872057317,0.017432949124755126,-0.12081083021282069,-0.1995779534943386,-0.35315452948105397,-0.3600962857500376,-0.3958568483478331,-0.3112306091695838,-0.2119885679101473,-0.2842947649330627,-0.31393189801512955,-0.3495526381796281,0.0286073561773028,0.05627161270040881,0.049984281672430075,0.08456460232631269,0.06255894372838733,0.06413077648538201,0.05564287959761072,0.06444514303678095,0.06067274441999393,0.08456460232631269,0.10657026092423805,0.09556743162527548,0.11757309022320062,0.10657026092423827,0.16095567431625324,0.14743791260609918,0.13329141779314724,0.11442942470921147,0.11285759195221678,0.0939955988682808,0
CMCSA,-0.042644533485976,-0.1924640753731196,-0.15125742294708433,-0.3032710188371587,-0.38483928980256477,-0.3053633543701606,-0.39375615174777123,-0.3466503079065636,-0.345533470826062,-0.34719525634237336,-0.2580371180707385,-0.1864857257045769,0.0256232686980604,0.032894736842104644,0.013504155124653305,0.06405817174515205,0.022853185595567593,0.035318559556786644,0.007963988919667209,0.046052631578947345,-0.005193905817174604,0.021468144044321402,0.04432132963988922,0.02700831024930772,0.05055401662049852,0.05436288088642671,0.10076177285318555,0.09314404432132939,0.10837950138504149,0.08933518005540164,0.10110803324099704,0.09418282548476431,0
DGX,0.1683824566351712,0.29352607156874555,0.22116683775960855,0.20202935700313795,-0.14899703552849342,-0.21028615631410696,-0.12052320720374654,-0.0908987257621886,-0.20303645364978795,-0.19739423385261823,-0.2453822009894021,-0.262710461559275,0.0074074074074075,0.029629629629629672,0.03950617283950608,0.028806584362139898,0.00411522633744843,-0.0057613168724279795,-0.020246913580246773,-0.02403292181069938,-0.01399176954732495,0.008230452674897304,-0.04938271604938249,-0.06650205761316852,-0.03539094650205743,-0.08230452674897104,-0.06864197530864191,-0.08691358024691354,-0.06683127572016445,-0.05843621399176935,-0.06765432098765412,-0.03917695473251015,0
NLOK,0.1418674196392402,-0.010437645146504693,-0.03376725700113248,-0.08263784398500695,-0.04889336306136027,-0.19066533673666297,-0.03789871389768995,0.1402675099740438,0.2563368390431353,0.16676169986338052,0.3313204240127403,0.15544500049140275,0.0063411921223093,0.02257311727116118,0.02079562059715201,0.03981374452029418,0.0038058057621428443,0.02206058755534257,-0.04539704695644564,-0.027393077577369862,0.002028309088133673,0.017753156964952055,0.022823929685285238,0.028401779677651895,0.06467143573749778,0.05123116180672227,0.09890733026542553,0.04336873786831319,0.09510152450328291,0.09738609844932555,0.11539552027218658,0.11184052692416802,0
PLD,0.049618320610687,0.06906275735283907,0.11138300202693507,0.17787600214820465,0.12278180204772426,0.1439300894150617,0.11461832717785847,0.0336252999434814,0.0664081919193007,0.05484194254924324,0.06252749404322677,0.07792644323225884,0.0176991150442478,0.017699115044247815,0.012389380530973604,0.0035398230088496963,0.005309734513274433,-0.009557522123893603,-0.04849557522123871,-0.03893805309734499,-0.03893805309734499,-0.02761061946902632,-0.020176991150442247,-0.01946902654867222,-0.018407079646017288,-0.007079646017698615,0.004601769911504849,-0.00460176991150385,-0.014159292035397453,-0.02300884955752136,-0.02300884955752136,-0.02300884955752136,0
BIIB,0.0274849286550722,-0.12287914211002027,-0.3143848808922387,-0.43278833915494286,-0.2563385031598572,-0.3255018217034683,-0.3005708705430076,-0.23014158708465593,-0.45010139285980566,-0.45241340483823866,-0.4737389038103652,-0.5283670172204233,0.0045865850167405,0.021781611341373797,0.05904372502893818,0.08655701181185638,0.009459442639682347,-0.007452422737512898,-0.1049002402200565,-0.0808253363703122,-0.09315061673076674,-0.10260694771168599,-0.0911435968285973,-0.12955080094096538,-0.07079334851822783,-0.07881831646814252,-0.05101564542026027,-0.04958428238925572,-0.05563023536586853,-0.06821378340365636,-0.054170867405996304,-0.050156827601657406,0
MTB,0.0499020248203789,0.11813190568995835,0.14130630233013663,0.125039407906121,0.099781273397471,0.12535758208113323,0.04710072070618798,0.08497964887744636,0.07012418180235191,0.0380727851591276,0.0380727851591276,0.027282548319026434,0.0392405063291139,0.046708860759493875,0.03734177215189893,0.05063291139240533,0.0322784810126584,0.03822784810126589,0.02151898734177249,0.03164556962025333,0.030253164556962364,0.03417721518987382,0.04708860759493705,0.03987341772151942,0.03797468354430422,0.03291139240506369,0.06329113924050689,0.06202531645569698,0.06000000000000072,0.05303797468354521,0.061772151898735084,0.0582278481012668,0
VTRS,-0.0340983606557375,-0.1306228616643077,0.007435530341061147,0.02910081056344982,0.07344148857486488,0.08005746076947129,0.09139139708618815,0.03608106384019116,0.10942902486760775,0.13879626376116216,0.30408440718706786,0.3939202480415862,0.0340041637751562,0.03747397640527428,0.03816793893129833,0.04961832061068705,0.008674531575294742,0.007980569049271136,-0.006245662734212454,-0.0284524635669674,-0.06419153365718255,-0.05968077723802934,-0.04927133934767536,-0.09437890353920886,-0.09403192227619717,-0.10131852879944492,-0.07356002775850101,-0.08049965301873685,-0.07425399028452462,-0.059680777238029226,-0.02845246356696729,-0.03469812630117963,0
GILD,0.0275502818696904,-0.10552825813189459,-0.02036663651668813,-0.10152454696425961,-0.1653491751829569,-0.12038112811659851,-0.060114060731343066,-0.015924125069525563,0.08056465152532866,-0.06253640847509101,-0.03772119575825528,-0.06761244388089704,0.0357142857142858,0.04476190476190478,0.06809523809523799,0.0714285714285714,0.023809523809523725,0.02285714285714291,-0.014761904761904643,0.018095238095238164,-0.0016666666666665941,0.002619047619047743,0.019047619047619202,0.01952380952380972,0.04928571428571438,0.047380952380952523,0.06071428571428572,0.05547619047619046,0.10928571428571443,0.09785714285714309,0.10642857142857176,0.09666666666666712,0
TMO,0.0186732186732185,-0.07125307125307134,-0.09778869778869781,-0.18874733043670378,-0.1626097064325368,-0.12315668906775634,-0.19318410694026866,-0.07956921381088977,-0.016299012468921514,0.00671738907046282,-0.10112752042209783,-0.13219113326543708,0.0166204986149585,0.02216066481994461,0.011634349030471114,0.03157894736842115,0.014958448753462639,0.01218836565096959,0.005540166204986319,0.030470914127424198,0.02049861495844918,0.04709141274238249,0.06426592797783948,0.06038781163434925,0.06592797783933513,0.06371191135734078,0.09916897506925215,0.05540166204986163,-0.0027700831024928263,-0.022160664819944276,-0.009972299168974574,0.004432132963989366,0
LH,0.1801058722146988,0.22122368583035823,0.2076818909269973,0.12168216319058844,-0.1488119867823633,-0.2149600288652589,-0.1160449925022814,-0.37398425857493334,-0.37658183426549374,-0.4146166395284878,-0.33648284353334956,-0.3114397819477249,-0.0067001675041876,-0.011725293132328174,-0.011725293132328174,-0.011725293132328174,-0.021775544388609513,-0.038525963149078524,-0.04053601340033475,-0.04522613065326608,-0.04321608040200997,-0.029480737018425462,-0.07202680067001666,-0.10284757118927956,-0.08877721943048567,-0.08710217755443872,-0.10050251256281395,-0.08040201005025116,-0.08274706867671677,-0.08609715242881044,-0.09547738693467311,-0.03182579564489085,0
NOV,0.216036394048678,0.24990798004901227,0.2114849023787475,-0.0007132706175803083,-0.17968370865062666,-0.09501849895843861,-0.0468234751036406,0.022836045353104018,0.07471474223724939,0.0668983196439481,-0.001980516620325501,0.0991397077056384,0.0058082485058132,0.02010090097233652,0.005357266753228895,-0.006700300324112063,-0.01786581558315392,-0.029031330842195557,-0.020095945128901116,-0.021885004608933945,0.00044602590914988305,-0.01607675610312087,-0.03930479428293865,-0.053146464996877585,-0.035285605257158514,-0.012949618895639836,-0.00938141162244388,-0.035285605257158625,-0.035731631166308064,-0.03796176071205548,-0.052700439087728035,-0.08262382174822291,0
DHI,-0.0553751478341049,-0.018605389114603632,-0.07268293737547082,-0.02077157035766186,-0.1796633436463818,-0.22590092098247072,-0.29826142262872113,-0.27764388304206933,-0.28177811819880205,-0.35098250998060276,-0.2936538274299144,-0.32814589499507774,0.0403730887483306,0.08540461081377648,0.07401732937193994,0.0910982515346952,0.09730949595751537,0.096274288553712,0.10817917369745067,0.13509456619633786,0.12526009586020592,0.13871779210964963,0.15942194018571665,0.15942194018571665,0.1796084845598822,0.18323171047319398,0.21428793258729462,0.22360479922152465,0.2137703288853927,0.18530212528080048,0.21635834739490112,0.2168759510968028,0
STZ,0.0244175209692452,0.12786763154470315,0.10060460601398669,0.1898428173124178,0.06896163080834272,0.058160276350697426,-0.1429346990287127,-0.0662596097375181,-0.1329816826303365,-0.1289404955578508,-0.08245958922837471,-0.09603918730779482,0.032967032967033,0.03384615384615386,0.03472527472527487,0.057142857142857384,0.021978021978022344,0.039560439560439864,0.08131868131868192,0.09670329670329725,0.10549450549450601,0.11912087912087976,0.12087912087912156,0.1120879120879128,0.11296703296703359,0.11428571428571499,0.10989010989011061,0.1349450549450557,0.10769230769230842,0.110329670329671,0.11560439560439595,0.14417582417582442,0
PSA,0.0013528138528138,0.024558510967160885,-0.008108571991212288,0.004344213404094521,0.024702542054177323,-0.13751949626574522,-0.13751949626574522,-0.2168464067943896,-0.17214039128010405,-0.14351124054627462,-0.1920656170346603,-0.14187851181666533,0.0112903225806451,0.01645161290322572,0.019354838709677358,0.02741935483870961,0.032903225806451664,0.028387096774193488,0.032258064516129004,0.03322580645161288,0.018709677419354698,0.02677419354838695,0.03387096774193532,0.040322580645161255,0.058064516129032295,0.06451612903225801,0.07451612903225824,0.07580645161290334,0.07096774193548394,0.05741935483870986,0.050000000000000266,0.05870967741935518,0
LEN,-0.0485110033403539,0.011208169729657547,-0.009252634556360384,0.11213771954082796,-0.16765541001587825,-0.12384704556788761,-0.07149002380926339,-0.08174249517862175,-0.11586010927145507,-0.1488752651293097,-0.10653706601660229,-0.09845472956546353,0.0361374175579887,0.06611716844086413,0.06488471364431136,0.059547147731016326,0.049279762631510016,0.045994752276586226,0.05379722778298679,0.06529706767904608,0.058314692934463785,0.0767946039212799,0.08870449419824844,0.08952689861389196,0.0882944438173392,0.22005192435722343,0.24314835761000575,0.23748597650733894,0.22208835433881724,0.1967274293757335,0.22118301838546173,0.21235311327296302,0
AMZN,0.0120311394196743,0.18282911182873707,0.3028987739358233,0.1563137671467576,0.0339604674814451,0.07948073963471636,0.16900939377165414,0.3944560605926817,0.6879496638071083,0.3203051407584381,0.5033177345269344,0.5081140992223259,0.0168297455968688,0.03757338551859113,0.04540117416829759,0.06497064579256362,0.0485322896281799,0.031350293542074414,-0.004696673189823808,0.011741682974559797,-0.02935420743639905,-0.02583170254403111,-0.009784735812132794,-0.04227005870841449,-0.02035225048923639,-0.01800391389432443,0.03326810176125283,-0.0058708414872794545,0.09589041095890449,0.12093933463796525,0.13150684931506884,0.11937377690802409,0
EL,0.0994528484068231,0.16214094941247503,0.18142959587575258,0.13160059251228562,-0.03078728912507045,-0.03881057315549208,-0.06987932230602156,-0.06312299777071417,-0.11929687729790073,-0.15513944624507925,-0.041750266662181956,-0.11085329076659622,-0.0167158308751229,-0.013438216978039819,-0.01999344477220555,-0.001966568338249375,-0.03965912815470296,-0.02654867256637128,-0.04457554900032723,-0.03965912815470285,-0.031792854801703796,-0.0173713536545389,-0.018354637823663755,0.0026220911176668693,-0.0003277613897075815,-0.00557194362504021,0.01278269419862399,0.007866273352999498,-0.011799410029498025,-0.003605375286790613,-0.015077023926580724,0.019337921992790053,0
VRSN,0.1297071129707114,-0.6049228432900158,-0.5802034163608512,-0.6852619982934848,-0.7122395412969003,-0.6730822636885672,-0.765492248810691,-0.6355622785571549,-0.5282955107925735,-0.6490658623892801,-0.6490658623892801,-0.6712391007316343,0.0044943820224718,0.053932584269662964,0.09213483146067403,0.12134831460674156,0.049438202247190866,0.051685393258426915,0.02921348314606753,0.05730337078651693,0.034831460674157544,0.07528089887640466,0.11910112359550595,0.14831460674157326,0.16853932584269682,0.1382022471910116,0.20224719101123623,0.2011235955056183,0.21910112359550604,0.21348314606741625,0.2707865168539332,0.34831460674157344,0
BXP,0.0450332998684972,0.03127546614644161,0.08000765969257717,0.04978863108305487,-0.019848107421788996,-0.007269072725444525,-0.028166997798540372,-0.06433698423635092,-0.025702928398425362,-0.034608393907549884,-0.05975060610787919,-0.0229805598218783,0.024475622706815,0.02763340506706058,0.02368617711675358,0.02631578947368407,0.02579042888528016,0.02579042888528016,0.02579042888528016,0.02579042888528016,0.028948211245525712,0.03947508891798157,0.03947508891798157,0.03947508891798157,0.05000196659043765,0.07237052811381495,0.06052603484798258,0.06579087839166609,0.05789642249105209,0.04605473864013088,0.03552786096767502,0.039475088917982015,0
KIM,0.0548387096774194,0.03390297956168431,0.02746121644915056,0.08206528738622798,0.0475174197769086,0.04096019023213926,0.013266413653193476,0.00398863092517221,0.0422199860762964,0.018291465987810174,0.03143071071023362,0.10945467446329005,0.0234171725932348,0.03209019947961833,0.02139346631974548,0.019080659150043422,0.027753686036426695,0.026308181555362964,0.040763226366001826,0.04365423532812951,0.026308181555362742,0.04365423532812951,0.05203816131830008,0.054929170280427764,0.05435096848800214,0.055218271176640465,0.0682278115062156,0.061289389997108756,0.06533680254408769,0.06157849089332146,0.06909511419485348,0.06389129806302352,0
JNPR,0.3242392444910809,0.03823642976384867,-0.040433529021846715,-0.4182885664134586,-0.19346768306892004,-0.25210587447845,-0.4958017131315393,-0.3993957012251975,0.035378030100278846,-0.30429144222510895,-0.12587907568971435,-0.12099025620252024,0.0339805825242718,0.06067961165048552,0.08252427184466038,0.11893203883495174,0.0764563106796119,0.05582524271844691,0.026577669902912993,0.09830097087378697,0.10194174757281593,0.13592233009708776,0.231796116504855,0.20145631067961234,0.22208737864077732,0.240291262135923,0.2257281553398065,0.20873786407767092,0.19538834951456385,0.1856796116504862,0.24150485436893288,0.2548543689320397,0
FIS,0.0715261694107158,0.05253386794502535,0.16646819745561547,0.006689374099381418,-0.11096079453258512,-0.10797350038650677,-0.45017897279029584,-0.4312162737620163,-0.3331988258190076,-0.32910245309651553,-0.30209081640177105,-0.34612178726492393,-0.0007997600719784,-0.007961897145142172,0.0003927393210609864,0.0023849987860784516,0.0007926193570499951,-0.005969637680124373,-0.0035846388940459217,-0.004377258251096028,-0.024664029362619688,0.0023849987860786737,0.02386426929064167,0.003977378215107352,0.008747375787264255,0.01471701346738885,0.03420402450693416,0.0700075691578248,0.028241527541738254,0.0035774981791183436,0.01829451164650675,-0.0027848788220671272,0
CTSH,0.1805992208950451,0.31333132821845,0.36875798355443723,0.5285795688118269,0.6818292650376505,0.6268519279266898,0.6431449238723828,0.8859842769287807,1.0326212892911442,1.0219854053448159,0.6764438248202989,0.8990835211407162,0.0045441547531384,-0.00034521945141241517,0.01610085741844003,0.03699181992879286,-0.0021231737076123913,0.00543313188123884,-0.12880241446187968,-0.13013588015402988,-0.15191581979248292,-0.12213508600112877,-0.10657798625937653,-0.10435554343912634,-0.0812421381085231,-0.11146736046392747,-0.11146736046392747,-0.13324730010238028,-0.1314693458461802,-0.15947212538133404,-0.16391701102183465,-0.17725166794333636,0
AVB,0.0779220779220777,0.037024126226951504,0.06768396995887871,0.05414041008625037,0.019002396416708756,0.025803302288232688,-0.05657694090983223,-0.15013024306572698,-0.10611308434004729,-0.11983059424074072,-0.17266324056345494,-0.17535888029010116,0.021265141318977,0.020188425302826385,0.018842530282638048,0.02288021534320328,0.032301480484522305,0.03068640646029608,0.02960969044414541,0.022880215343203503,0.01480484522207326,0.022880215343203947,0.03768506056527654,0.042530282637954775,0.04979811574697246,0.059219380888291484,0.07617765814266564,0.0807537012113062,0.07267833109017574,0.06325706594885694,0.06998654104979907,0.0767160161507412,0
RL,0.061090909090909,0.07039872408293468,-0.03574728717789899,-0.16925920126095917,-0.26099066861617914,-0.21109205925216556,-0.24314372074145885,-0.3071854059094893,-0.1477195273318912,-0.23837276857256462,-0.2934176457530019,-0.30949188130460337,-0.0108695652173913,-0.003043478260869592,0.02260869565217405,0.023913043478261065,-0.017391304347825876,-0.017391304347825876,-0.025652173913043308,2.220446049250313e-16,-0.013478260869564829,0.003478260869565375,0.019130434782608896,-0.021739130434782372,-0.005217391304347507,-0.012608695652173485,-0.0013043478260866825,-0.011739130434782252,-0.0139130434782605,-0.018260869565217108,0.008260869565217765,0.02043478260869591,0
VAR,0.012878201022985,0.07486726644359543,0.15094297331839912,-0.0070045951985466814,0.024869249338304034,0.03780387429533594,0.052245879476038315,0.17724673932135837,0.14155008957350934,0.2062384680823468,0.260759767945554,0.21810811927719964,-0.0035383858060661,-0.00148940377568052,-0.006891647978996884,-0.08625078361992433,-0.05923956260334318,-0.00800870081075733,0.00037445462156959763,0.013413048691723217,-0.007636349866836811,-0.005215016892531232,-0.018440838273469318,-0.04060939334143909,-0.023845186154434872,-0.013598172324857827,-0.002234105663520558,0.0009319291986253919,0.008383155432327039,0.009687435574872172,0.0035404894837156586,0.006149049768806147,0
CHRW,0.1542425283407764,0.09278015544176399,0.17571901131682988,0.16117403385724005,0.03583767516256908,-0.044508142502999615,-0.06152708144060537,0.025143856734440417,0.05696343663308023,0.07733613926664828,-0.04350574707694921,0.049819103190382075,0.0245417831624727,0.05125815470643058,0.04193849021435225,0.0596458527493009,0.06834420627524063,0.07362534948741839,0.054364709537123135,0.05995650823237009,0.04877291084187618,0.07486797141969559,0.08729419074246647,0.06337371854613205,0.08729419074246625,0.08729419074246625,0.11898105001553239,0.13230817023920416,0.13202858030444165,0.12146629388008634,0.1494252873563211,0.14787200994097494,0
HST,0.0863672356960023,0.08273023589856932,0.040150028970888485,0.028315478965584173,0.0329092866414864,-0.04350343407256829,-0.11591032446397598,-0.2102917768563386,-0.1187975619493149,-0.13348426925015955,-0.20828975466961064,-0.32362994108450005,0.0373018294898062,0.0473429530493914,0.05738407660897704,0.0401644942383419,0.08034351976982412,0.02152084514000885,0.0473429530493914,0.025822107909382774,0.015780984349797356,0.0401644942383419,0.06168533937835097,0.07748085502128821,0.09900170016129728,0.11620675123879254,0.14202885914817553,0.14920731795922504,0.14776871993838725,0.11334408649025685,0.14776871993838747,0.14776871993838747,0
AKAM,0.2701587301587302,-0.28181148344111295,-0.38877573058818116,-0.6085755910170618,-0.6783644391302988,-0.7089963973083656,-0.7316300108510483,-0.7007828856615136,-0.35792994214866436,-0.49046733941155474,-0.6235119785652044,-0.5668972384998214,-0.0069444444444444,-0.013888888888888729,0.006944444444444642,0.03472222222222254,0.020833333333333703,0.03472222222222254,2.220446049250313e-16,2.220446049250313e-16,-0.013888888888888729,-0.04166666666666663,0.0,0.0,0.00694444444444442,0.10416666666666674,0.5208333333333333,0.8958333333333335,0.47916666666666696,0.5902777777777781,0.729166666666667,0.6736111111111114,0
MCHP,0.1941182179947591,0.27982282176893114,0.28699094524994395,0.1790969147697381,-0.053800507899794736,-0.09630220922371491,-0.10462113268531825,0.06054584283874909,0.2577855026821618,0.03266808396839682,-0.08276485826852098,0.04119689371392243,0.0143849206349206,0.056051587301587436,0.09126984126984161,0.08482142857142905,-0.0952380952380949,-0.07440476190476153,-0.08234126984126944,-0.07638888888888828,-0.09920634920634863,-0.08531746031745968,-0.08234126984126922,-0.0798611111111105,-0.045138888888888284,0.004464285714286476,-0.019841269841268994,0.01984126984127066,0.042162698412699484,-0.007440476190475165,0.03273809523809623,0.044642857142858094,0
MXIM,0.1942122186495176,0.07543885151439378,-0.007619113948603595,-0.1732675643914362,-0.24061495862377869,-0.3094314971834765,-0.44647212270193837,-0.296434027418352,-0.06524647244681525,-0.28788894280937916,-0.3420667230633724,-0.2716341222631051,0.0313876651982378,0.0693832599118942,0.07103524229074876,0.08893171806167377,0.024229074889867697,-0.013491189427312977,-0.021475770925110216,0.016519823788546217,-0.023127753303964993,-0.007158590308370072,0.05781938325991187,0.05121145374449343,0.09609030837004418,0.0875550660792952,0.133259911894273,0.11784140969163004,0.10379955947136565,0.06828193832599094,0.09829295154185003,0.08727973568281944,0
SLR,0.1232876712328767,0.08116438356164402,0.054794520547945424,-0.07705479452054786,-0.3407534246575342,-0.07705479452054798,-0.10651049256776435,-0.1730469452488882,-0.23211502058825328,0.051897232070885924,0.3464284570507341,0.7671873498790884,0.0,0.0,0.0,0.032786885245901676,0.06557377049180335,-0.016393442622950727,0.0,0.016393442622950838,-0.049180327868852514,-0.049180327868852514,-0.049180327868852514,0.049180327868852514,0.0,0.06557377049180335,0.049180327868852514,0.0,0.049180327868852514,0.06557377049180335,0.016393442622950838,0.049180327868852514,0
EXPD,0.1190607228031555,0.06162266239272496,0.08343808232446981,0.21682664893749082,0.07345652343468845,-0.03662751975395784,0.024614659233894942,0.15802036988737567,0.22892707400801782,0.19240620999589253,0.1132737978779832,0.2354051005987745,-0.0319846910880262,-0.018862766539092246,-0.036632039365773306,-0.002186987424821929,-0.01312192454893335,-0.02542372881355892,-0.05686167304537959,-0.048933843630398766,-0.07326407873154694,-0.0718972115910328,-0.025697102241661662,-0.045106615636959724,-0.02186987424822273,-0.024056861673044883,-0.024056861673044883,-0.027091306724985942,-0.01968288682340036,-0.031711317659922855,0.0010934937124116306,0.0005740841990162782,0
J,0.0624441132637856,0.17615499254843536,0.134487190048604,0.030490061893195364,0.03227549081937453,0.00867208596417024,-0.07298232099483404,-0.0942140162236621,0.0858068362799218,0.01991354542388435,0.06185124924970564,0.0826606831276191,-0.0093676814988291,0.030444964871194635,4.440892098500626e-16,0.021077283372365807,0.011709601873536757,-0.0023419203747068185,4.440892098500626e-16,0.01522248243559754,0.018501170960187663,-0.0023419203747068185,-0.033021077283372,-0.05644028103044452,-0.06791569086651006,-0.05854800936768101,-0.028103044496486707,-0.027868852459015936,-0.04215456674473017,-0.05035128805620559,-0.04379391100702512,-0.039812646370022686,0
AMT,0.1224489795918366,0.03530876306160158,-0.22095578225067602,-0.29270985493811363,-0.5537098802989787,-0.5098778149711999,-0.6711838505502987,-0.715563944341056,-0.21527925069979237,-0.3243745743829919,-0.05449664954975164,-0.13050770321339888,0.0144927536231884,0.05797101449275366,0.09601449275362328,0.11413043478260887,0.11956521739130443,0.1086956521739133,0.12318840579710155,0.13043478260869557,0.1594202898550725,0.17028985507246364,0.21739130434782594,0.10144927536231862,0.18478260869565188,0.16847826086956497,0.16847826086956497,0.19927536231884035,0.18478260869565188,0.17210144927536208,0.17753623188405765,0.07789855072463747,0
GME,0.0603674540682412,0.007481296758104605,0.2627446926724639,0.09570116160376241,-0.08254687425522278,0.09672557560295214,0.0782710587057871,-0.05618327868784412,-0.019274244893513925,-0.49415197894507557,-0.5612542674523615,-0.4643220707267204,0.0133222314737717,0.014987510407993287,0.010824313072439695,0.07826810990840949,0.07826810990840949,0.05745212323064108,0.032472939217318864,0.05745212323064108,0.0507910074937552,0.05328892589508749,0.04662781015820161,0.04496253122398031,0.03247293921731931,0.049958368026644884,0.06577851790174916,0.07410491257285656,0.04496253122398075,0.01415487094088319,0.036636136552873344,0.01332223147377265,0
RRC,0.1042553191489363,0.24175014487954338,0.1325617700711701,0.1989311743664559,0.0876018510324279,0.13878311461042458,0.005566976674865609,0.035972889576481704,0.1581086407686565,0.17773760078168443,0.25268453901324617,0.26764834749975286,-0.012280701754386,-0.01403508771929829,-0.03508771929824572,-0.010526315789473828,0.00877192982456143,-0.017543859649122973,0.0052631578947368585,0.007017543859649145,-0.015789473684210242,-0.008771929824561209,-0.014035087719298178,0.028070175438596134,0.0350877192982455,0.04035087719298214,0.05263157894736814,0.045614035087718996,0.024561403508771562,0.0350877192982455,0.0350877192982455,0.028070175438596134,0
TRB,0.0,0.0,0.0,0.0,0.0,-0.25,-0.25,-0.5,-0.25,-0.25,-0.125,-0.125,0.0,0.0,0.0,0.0,0.0,0.0,0.0,0.0,0.0,0.0,0.375,0.375,0.375,0.375,0.375,0.375,0.375,0.375,0.375,0.375,0
PEAK,0.072751207434659,0.07750239636461242,0.09506623834512307,0.12442443588003904,0.1496171974910263,0.15229588059374355,0.14157526096726514,0.1576561904069831,0.17353985425429186,0.028525101130744135,-0.01710037622019711,-0.06321009220363605,0.0150122710719373,0.018017364226526666,0.021019158705863905,0.01651646698685827,0.019218082018261695,0.009909220457064771,0.020418799809996724,0.022219876497599156,0.027026046339790444,0.04804520504565413,0.06606586794743308,0.07206945690610711,0.09159101704755424,0.09909880192114917,0.10960838127408112,0.13963952076845998,0.13213173589486504,0.12011796062701285,0.12762574550060757,0.1291266427402762,0
ISRG,0.0053475935828881,0.07526639355809461,-0.0059056773281537245,-0.07978372535185374,-0.22391398523650308,-0.19894898056578914,-0.11117932991538049,-0.2365258346709037,-0.1438768960211363,-0.29674378977066274,-0.26701263291543875,-0.5759949999633922,0.0519083969465647,0.09160305343511443,0.032061068702290196,0.051908396946565016,0.04274809160305382,0.039694656488550084,0.01221374045801582,-0.0641221374045795,-0.030534351145037553,-0.05511450381679317,-0.05648854961831995,-0.09786259541984688,-0.16793893129770954,-0.15267175572519032,-0.08396946564885455,-0.07633587786259499,-0.07633587786259499,-0.03511450381679326,-0.02290076335877811,-0.07099236641221307,0
COG,0.2318407960199002,0.23824636815920397,0.13082985074626863,0.12590248756218925,0.03207728026534018,0.09874255913415397,0.06409752348577968,0.08141198807062477,0.14327766244537465,0.21851270861919914,0.14818572263075658,0.1735384434701619,0.0024844720496894,0.006211180124223503,-0.014078674948240333,0.018633540372670954,-0.01407867494824011,-0.010351966873705987,0.003312629399585987,0.008281573498964967,0.01449275362318847,0.031055900621118182,0.031055900621118182,0.016563146997929712,0.03146997929606643,0.027743271221532417,0.052173913043478626,0.05590062111801264,0.05175983436853038,0.047619047619047894,0.023602484472049934,0.018219461697722927,0
DVA,0.1294642857142858,0.16173469387755124,0.049598140414467196,0.060740371204429655,0.04742563851148729,-0.015286469781557122,0.04917558975870229,0.05224848897556855,0.12599807018036424,0.0787717433533821,0.0525667617334622,-0.10304885807107411,-0.0120481927710847,0.004819277108433662,0.0072289156626503814,0.004819277108433662,-0.012048192771084598,-0.009638554216867545,-0.024096385542168752,-0.01686746987951826,-0.01493975903614475,-0.016385542168674827,-0.031325301204819356,-0.06506024096385565,-0.036144578313252906,-0.048192771084337616,-0.035662650602409696,-0.018313253012048447,-0.026506024096385805,-0.012048192771084598,-0.014457831325301207,-0.02168674698795159,0
IVZ,0.1415637860082303,-0.10687005950794926,-0.17845060118672929,-0.33261789577884926,-0.40563734953481045,-0.43355499615298476,-0.569946067667521,-0.4400339422754178,-0.3393760760285698,-0.4688027158876822,-0.5184200446234482,-0.6212110603088634,0.0597826086956523,0.09021739130434803,0.0793478260869569,0.16413043478260914,0.1315217391304353,0.1228260869565223,0.10869565217391353,0.11630434782608745,0.16304347826087007,0.19021739130434834,0.21086956521739197,0.17717391304347885,0.21521739130434825,0.16847826086956563,0.2597826086956525,0.25000000000000044,0.19565217391304413,0.15760869565217472,0.13152173913043552,0.17391304347826164,0
FAST,0.0070863382085326,0.120115330677941,0.05976299827751452,0.026960797433283945,0.022398705234175198,-0.059696908079293065,-0.15519785252613938,-0.0810614744516468,-0.027149975088592515,0.009009779489625336,-0.10574192149037798,-0.09869342045914076,0.0166454179567669,0.06517818561015942,0.13920940514325908,0.15798683651349754,0.18667795169578993,0.12858505019338118,0.11016473999792886,0.14948378134184725,0.17746779659806378,0.21962238006978163,0.22210437223454305,0.1795926675880395,0.2132477670998547,0.21147644607291705,0.24512797437298417,0.20899445390815563,0.20155561983736714,0.18667795169578993,0.23450004821135884,0.21360131706289276,0
LHX,0.0484671532846714,0.05722627737226271,0.10102189781021909,0.05002719938532474,-0.07219666009183334,-0.07681978480018903,-0.0314127378746345,-0.23841037332735782,-0.22223092754068563,-0.25345523336934417,-0.11771982125467939,-0.1527848027176344,0.0053763440860215,-0.007168458781361964,-0.02043010752688179,0.03046594982078843,-1.1102230246251565e-16,-0.02508960573476715,-0.03405017921146958,-0.016129032258064502,-0.022939068100358284,-0.017921146953404965,0.02043010752688179,0.007168458781362297,0.012544802867383797,0.0232974910394268,0.03046594982078865,0.02939068100358444,0.0286738351254483,0.0035842293906811484,0.005376344086021723,0.007168458781362075,0
PXD,0.1178535606820461,0.20310932798395176,0.21265781471398304,0.31077743042735495,0.22761785650469113,0.2752674644575026,0.28054807507637447,0.2998869643734461,0.2951601026848154,0.31600775021294103,0.25304581079098876,0.34899744554073076,0.0698602794411178,0.06387225548902187,0.04790419161676662,0.03952095808383249,0.035928143712575134,0.01956087824351327,0.02954091816367299,0.027944111776447622,0.023952095808383644,0.019161676646707315,0.03952095808383316,0.027944111776448066,0.017964071856288566,0.003992015968065088,0.033932135728544255,0.018363273453095408,-0.009181636726545372,-0.00439121756486871,-0.015968063872254135,-0.08782435129740385,0
APH,0.1095305832147937,0.03959222380275018,0.06203796499849146,-0.14942454416138617,-0.11559884252074548,-0.08835759603439541,-0.2672824857937842,-0.09439408356535117,0.050029343630762835,-0.10935011031319208,-0.04489518408585724,-0.043957657886186996,0.0073349633251835,0.02444987775061125,0.03789731051344747,0.006112469437652646,0.0014669926650365817,-0.026650366748166343,-0.040831295843520965,-0.029828850855745936,-0.042542787286063755,-0.019070904645476894,0.02689486552567244,0.04523227383863082,0.06356968215158942,0.07090464547677278,0.09413202933985354,0.12224938875305646,0.10073349633251882,0.08190709046454825,0.11393643031784895,0.07603911980440148,0
WEC,0.0264026402640265,0.0653280896951971,0.08219235675214809,0.0394147037296384,0.036550175018572384,0.04146856256314457,-0.00441832925710417,-0.06618502882972455,-0.06415145964163604,0.01652513866511951,-0.02334648919852811,-0.08200194480404621,-0.009765625,0.0031250000000000444,-0.015625,-0.00390625,-0.01171875,-0.009765625,-0.005468750000000022,-0.005078125000000155,-0.012109375000000089,-0.005859375000000222,-0.003906250000000222,-0.001953125000000222,-0.015625000000000222,-0.015625000000000222,-0.0101562500000002,-0.013281250000000022,0.00390625,-0.005859375,-0.005859375,-0.0007812499999999556,0
PBCT,0.0698784722222221,0.14968141466208484,0.1770134633880136,0.1319271281422112,0.09736446774092267,0.06551253686812464,-0.01850323605946458,0.07029657311659121,0.11315045823708281,0.09704307968613568,0.09920176343207454,0.1178764674334889,0.0007858546168959,0.027504911591355707,0.01650294695481369,0.018074656188605154,0.018467583497053353,0.01571709233791796,0.014145383104126052,0.015324165029469539,0.0176817288801574,0.0345776031434184,0.037328094302554016,0.026326129666011777,0.029076620825147392,0.03261296660117852,0.02357563850687594,0.02436149312377167,0.024754420432219648,0.049115913555991986,0.017681728880157177,0.018074656188605154,0
XRAY,0.1176115802171293,0.19567560375441007,0.20773486349978998,0.11502273222885129,0.19947627087713826,0.21046104466283566,0.22788434757843712,0.12239391217122808,0.0291422725702295,0.11909069101468983,0.014553601627248502,0.03836941387201964,0.0250368188512517,0.036818851251841034,0.030927835051546504,0.022385861561119436,0.023858615611192846,0.038291605301914444,0.03240058910161969,0.05066273932253296,0.03210603829160519,0.02945508100147287,0.03534609720176718,-0.010309278350515538,-0.030927835051546393,-0.02356406480117823,0.032400589101619914,0.07805596465390274,0.06038291605301915,0.07511045655375548,0.06627393225331368,0.08070692194403528,0
RSG,0.0412486064659975,0.09198741567938318,0.1651561156132304,0.05555948336077443,-0.024784939257237015,0.12861967703937727,0.04265601613465786,0.13234093994993446,0.1858417052568726,0.1518036563096845,0.11111346590778792,0.038673225238309517,0.0149999999999996,0.02200000000000002,0.0024999999999999467,2.220446049250313e-16,0.0029999999999998916,0.0039999999999997815,0.005499999999999838,0.042500000000000204,0.03500000000000014,0.04600000000000004,0.0475000000000001,0.042500000000000204,0.03699999999999992,0.040000000000000036,0.03500000000000014,-0.02499999999999991,-0.010000000000000009,-0.016000000000000014,0.01750000000000007,0.010000000000000231,0
FLIR,-0.1246562786434463,-0.28485798859792477,-0.2188340161801572,-0.25858126773137036,-0.2694766044377992,-0.32365545592618883,-0.3719401380800782,-0.17404631106779955,-0.23636587739530868,-0.14919303234911108,-0.1871226681257765,-0.22598951449150495,0.0244210526315789,0.04021052631578925,0.02147368421052631,0.032631578947368345,0.008631578947368324,0.006736842105263152,0.001052631578947416,-0.00231578947368416,0.008421052631578885,0.025263157894736876,0.022736842105263166,0.02694736842105261,0.03157894736842093,-0.04210526315789487,-0.01031578947368439,0.03115789473684183,0.016842105263157547,0.0239999999999998,0.0488421052631578,0.07157894736842096,0
IRM,0.0400001360664545,0.016242788609035275,0.016242788609035275,0.0048408473785694905,-0.044920732613262904,-0.09995783249942414,-0.18947479056487604,-0.08904613189227661,0.06853868226986592,0.06595224897338725,0.018110680589348283,0.13016628000939412,0.0235304010068573,0.019608215432688425,0.014378634667130186,0.02353040100685755,0.012026950785522628,0.011763844284350844,-0.007841658710180943,-0.013334345976911521,-0.018300820241297977,0.0052295807655589055,0.01725653155108109,0.013594740039927444,0.021959899314295983,0.0206525041229062,0.04052382605676619,0.05176416977692955,0.04967287995833747,0.031372059717038825,0.050980275149726584,0.05124338165089881,0
WELL,0.0264705882352942,0.03676470588235303,0.029398704419600907,0.1018760256385649,0.09224942057586238,0.055098079739948735,0.01608917186223957,0.048962645069547284,0.04334320232810329,0.015195454063855918,-0.03386046791414665,-0.031604889240016254,0.0279586365377251,0.03408655687476081,0.03715051704327843,0.03408655687476081,0.047491382612026234,0.04404442742244363,0.047491382612026234,0.05208732286480289,0.05055534278054408,0.06242818843355069,0.07238605898123374,0.08387590961317559,0.0907698199923408,0.10111068556108838,0.1202604366143245,0.12217541171964807,0.11643048640367715,0.09766373037150577,0.0923018000765996,0.09536576024511745,0
JNY,-0.0143824027072757,0.12911192395740034,0.15401028946005058,0.08188464636879744,-0.018225746241862018,0.04519860820446042,-0.10149081699834195,0.021432263412308306,0.09015972429155883,0.035797872088280114,-0.05394425769019029,-0.18150882086924336,-0.0014577259475219,0.006924198250728875,0.0040087463556852665,0.025874635568513105,2.220446049250313e-16,-0.0018221574344020608,-0.019679300291544966,-0.0054664723032068485,-0.02077259475218629,-0.0021865889212826506,0.003279883381924531,-0.016034985422740178,-0.012755102040815869,-0.016034985422740067,0.005102040816326925,0.0167638483965018,0.009839650145773149,-0.02040816326530559,0.056851311953353356,0.038629737609330084,0
VTR,-0.0039402026905182,0.04644062221750578,0.015550854587673024,-0.022767844854296948,-0.011359923458078125,-0.011359923458078125,0.015905427838997843,-0.1389393241114999,-0.021516255112943194,-0.11082340510976874,-0.12242186112651887,-0.06391367435242046,0.0128211402006361,0.02479080009787138,0.02136530462441888,0.015385368240763642,0.025642280401272588,0.03248348421825331,0.03846342060190877,0.06239295326645489,0.050433080499143745,0.06752140934670936,0.07093711769023758,0.08632248593100122,0.10256912160508946,0.09657939809150995,0.11539026180572587,0.11539026180572587,0.11965745045265508,0.11965745045265508,0.09401517005138316,0.09401517005138316,0
HRL,-0.0090579710144927,-0.09681667468848598,-0.10597303443414197,-0.11521266822461163,-0.1288531395894823,-0.150073383625123,-0.17642186154639894,-0.0993858585369568,-0.1647831509668457,-0.13204413862167097,-0.1759727355703844,-0.22364068046339802,0.0179499291450164,0.03164855928200283,0.026924893717524823,0.041568256967406736,0.027397260273972712,0.02409069437883815,0.02881435994331638,0.04204062352385485,0.03259329239489883,0.050543221539915306,0.043930089749646184,0.02078412848370359,0.03684459140292895,0.022673594709494926,0.04251299008030296,0.032120925838451386,0.0340103920642425,0.036372224846481505,0.06329711856400633,0.06282475200755844,0
ORLY,-0.0505263157894736,-0.016833355767936542,-0.022305526329525094,-0.16214988512567496,-0.15039164313931352,-0.10275765568597306,-0.13683778506664035,-0.17409004907955372,-0.15708602067825028,-0.23456752111141654,-0.2608887170257671,-0.22475303803072444,-0.0011090573012939,0.032532347504621084,0.026987060998151735,0.031792975970425186,0.02920517560073943,0.04066543438077641,0.027726432532347633,0.027726432532347633,0.021072088724584326,0.038817005545286776,0.04362292051756045,0.025878003696858,0.04805914972273606,0.038817005545286776,0.07134935304990764,0.06839186691312382,0.10129390018484274,0.07467652495378929,0.08909426987061009,0.10018484288354923,0
PWR,0.1212710765239948,0.09258739782221848,-0.1686547463301885,-0.3487795512919809,-0.8762357157181775,-0.8300645837581193,-0.8597358469114635,-0.7865837287935187,-0.7482782442179964,-0.7618848256116182,-0.7691605670512631,-0.7791970641359909,0.015625,0.109375,0.125,0.21875,0.16875000000000018,0.11562500000000009,0.11562500000000009,0.11250000000000027,0.034375000000000266,0.07500000000000018,0.11250000000000027,0.050000000000000266,0.05937500000000018,0.07812500000000022,0.07812500000000022,0.10312499999999991,0.12187499999999996,0.11250000000000004,0.125,0.10000000000000009,0
WDC,0.0541455160744501,0.04402571912013542,-0.21910271415404525,-0.45421157440874127,-0.26118883852890584,-0.3321015169736762,-0.22490793327809333,0.038489154330866304,0.42455086917139906,0.019359468533621582,0.23723782822019723,0.2928976276902575,0.061269146608315,0.0940919037199126,0.10065645514223198,0.02297592997811826,-0.015317286652078654,-0.06126914660831495,-0.07002188183807423,-0.020787746170678356,-0.021881838074398252,0.004376367614879584,0.0393873085339167,0.02844638949671774,0.03938730853391692,0.0503282275711161,0.06673960612691476,0.029540481400437857,0.017505470459519,0.00656455142231982,0.009846827133479508,0.015317286652078987,0
FMC,0.1104640854929723,0.024921292859087396,-0.0598269184420549,-0.19985810106408275,-0.3508241405405019,-0.2586459309172101,-0.32121443179016784,-0.19674990725247343,-0.2546133418800539,-0.28772505753626876,-0.4838153151143364,-0.6037398052541618,0.0459148378740377,0.07461621112435801,0.06440882530430847,0.0682356750710178,0.0650490867075848,0.05803564857744248,0.03634771345726473,0.05994907346079703,0.04464167439395972,0.08290281273457878,0.08481623761793355,0.06760277299421591,0.08800282598136655,0.09055651226799766,0.11607129715488473,0.12563842157165817,0.14603847455880858,0.11925788551831773,0.1575190238589368,0.13328476177860238,0
CBE,-0.0999999999999999,-0.45999999999999996,-0.2799999999999999,0.028571428571428692,0.13142857142857167,-0.20799999999999985,-0.2959999999999997,-0.2959999999999997,-0.2959999999999997,-0.39657142857142824,-0.27588571428571396,-0.27588571428571396,0.3333333333333335,0.3333333333333335,0.3333333333333335,0.0,0.3333333333333335,0.0,0.0,0.16666666666666674,0.16666666666666674,0.16666666666666674,0.16666666666666674,2.220446049250313e-16,0.3333333333333337,2.220446049250313e-16,0.16666666666666696,2.220446049250313e-16,2.220446049250313e-16,0.3333333333333337,1.1666666666666674,0.3333333333333339,0
KBH,0.0,0.14861751152073732,0.18732718894009204,0.18755773790881825,0.05128434997636955,0.10546238117032725,0.1259808695799538,0.06505605298945549,0.010130624110754827,-0.04238722913394155,-0.011203995717748771,0.033530924912805515,0.0132013201320131,0.050605060506050625,0.045324532453245414,0.025302530253025646,0.0275027502750278,0.0275027502750278,0.0228822882288231,0.03630363036303663,0.020902090209021118,0.03498349834983516,0.05830583058305838,0.03850385038503856,0.049064906490648985,0.04840484048404825,0.09350935093509327,0.0924092409240922,0.08162816281628138,0.057205720572057084,0.07810781078107798,0.07876787678767871,0
CVG,-0.0327118089630356,-0.08807958276004069,-0.13552052932165704,-0.35822941734702274,-0.5016142162448374,-0.41108839687055077,-0.5055116539086244,-0.5130386108643501,-0.433903280600229,-0.5154595876323993,-0.592218464839148,-0.6066107543154133,-0.0029940119760478,0.009730538922155807,0.0029940119760480943,0.014221556886227615,-0.0119760479041916,-0.0119760479041916,-0.026197604790419105,-0.00823353293413176,-0.03293413173652704,-0.0022455089820361263,0.010479041916167331,-0.013473053892215758,-0.0007485029940120791,0.010479041916167553,0.09281437125748493,0.18338323353293418,0.16317365269461082,0.17964071856287434,0.1998502994011977,0.1976047904191618,0
CIEN,0.1464968152866241,-0.07164744362196596,-0.29658962930392574,-0.4820229431956854,-0.5088358731949676,-0.506525942895637,-0.6372232798019904,-0.5693489257004274,-0.21966494711385343,-0.4286435652656989,-0.37474201481906677,-0.4236567551563506,0.0181818181818183,0.052272727272727026,0.08181818181818157,0.13863636363636345,0.12045454545454537,0.07272727272727253,0.009090909090908816,0.0181818181818183,0.006818181818181834,-0.011363636363636354,-0.01590909090909076,-0.009090909090908705,0.004545454545455074,-0.009090909090908483,0.004545454545455296,-0.006818181818181168,-0.006818181818181168,-0.034090909090908506,0.025227272727273542,0.06590909090909203,0
CLF,0.3150027658192837,0.6138675773828135,0.7101714499617413,0.6474964869341597,0.4538478915909998,0.5682485458766446,0.4329960093538878,0.1961359341515312,0.22264810937654844,0.1502191532549375,0.17253070395615633,0.19694248181099594,0.0096389047531817,-0.03909979418325227,-0.03588323401687454,-0.019821984676889115,-0.019821984676889115,-0.03374424844559831,-0.07123845648214955,-0.09909375976551926,-0.10819387722115004,-0.08409392140170824,-0.0867716942705351,-0.0948050128770156,-0.11622719582763041,-0.1349769937823937,-0.12693828730293766,-0.08944946713936186,-0.07713278951735347,-0.09319942673031434,-0.06963287033544796,-0.06481072402236954,0
ROST,0.0438741721854303,0.14882737486315256,0.20754330900599638,0.17300094974956726,0.08272587665609565,0.046219732567610805,0.032888400795281214,0.2210841687367946,0.3446462572399227,0.22237947339481723,0.11465692513164605,-0.02773040773193236,0.0089479392624729,0.030368763557483858,0.031724511930585786,0.05667028199566171,0.024132321041214988,0.012744034707158791,-0.01599783080260253,0.03985900216919802,-0.01979392624728782,0.007321041214751078,0.02548806941431736,0.004609544468547222,-0.00216919739696253,-0.01979392624728782,0.023617136659436655,0.0018980477223435877,-0.002711496746202968,-0.0062364425162679815,0.008676789587853673,0.015184381778742928,0
ROP,0.0614596670934699,-0.01836858858578949,-0.1586016473592482,-0.1952779858076913,-0.36022234307265677,-0.25269668644621246,-0.25269668644621246,-0.1638867274441681,-0.08440167348171757,-0.20964861437336935,-0.2511668009345941,-0.3766925045286508,0.010344827586207,0.03103448275862064,0.028965517241379413,0.03379310344827591,0.02586206896551735,0.01551724137931032,0.017241379310344973,0.02586206896551735,0.012758620689655498,0.04172413793103491,0.04137931034482789,0.04206896551724171,0.0513793103448279,0.06344827586206936,0.07413793103448318,0.0644827586206902,0.06551724137931059,0.044827586206896974,0.08931034482758671,0.053103448275862775,0
BRK.B,-0.0271047227926077,0.0012919667705519888,0.012349178673539685,-0.08806932856585181,-0.0775827308403817,-0.018448261339089278,-0.0026689877167581644,-0.006706765094423028,-0.02649187424498123,-0.0332745128260612,-0.111571287820314,-0.17656854100042574,0.0272265805260729,0.07891093677895711,0.05814951545916025,0.08167974157821889,0.06275957544993105,0.06922011998154143,0.07429626211352103,0.07706506691278259,0.07706506691278259,0.09598523304107043,0.09044762344254709,0.09229349330872183,0.11075219197046615,0.11121365943700967,0.12644670050761442,0.12136594370096909,0.1072911859713892,0.09367789570835261,0.08906322104291675,0.08444854637748045,0
HP,0.179462760934643,0.21060166593967344,0.14157008160768103,0.0702580147224785,-0.26135172652864846,-0.18299189025700546,-0.21768196314450716,-0.11622411718359926,-0.152815539700208,-0.14946337097240303,-0.23844821356504298,-0.16195781804876663,0.0082256169212688,0.01684292988640812,0.008225616921268886,0.01840971406188774,-0.010967489228358884,-0.019193106149627992,-0.007833920877399203,0.02154328241284742,0.030943987465726464,0.028593811202506814,0.01527614571092828,-0.0050920485703095375,0.012534273403838725,0.01292596944770863,0.02820211515863691,0.030160595377986654,0.025068546807677228,0.010967489228358884,-0.007833920877399092,-0.023501762632197387,0
OKE,0.1487649076434123,0.2102197228857572,0.14987157492756653,0.20189055760150354,0.011136872931084785,0.05704911345822539,0.03139833090715349,0.03193978329056768,0.04518335719987965,0.060092564414408356,-0.05555046602139935,-0.05664491077193068,0.0021633783316026,0.011904761904761862,0.011904761904761862,0.014612075359738963,0.002163378331602628,0.004332937744152776,0.00487069178657995,0.020020521188745644,0.009203629530732504,0.01569376452554061,0.017857142857143238,0.020020521188745866,0.022190080601295792,0.029761904761904878,0.0524897394056274,0.04166666666666696,0.03787766404588866,0.028680215596103675,0.039503288335064335,0.03192528309350773,0
CERN,0.0967816091954023,0.2160766443500588,0.2477285826601885,0.10007111720989514,0.003006018632551566,-0.14054346660293282,-0.18978675927949828,-0.18359667509742328,-0.24422409500580033,-0.289456998793423,-0.16330214271845134,-0.24918684984081463,-0.02143522833178,-0.4237340789064926,-0.4523143833488661,-0.415035725380553,-0.4516930723827276,-0.478098788443616,-0.46660453557005266,-0.4709537123330225,-0.45759552656104374,-0.45635290462876665,-0.461323392357875,-0.471575023299161,-0.426529978254116,-0.42870456663560086,-0.42777260018639296,-0.4255980118049082,-0.41907424666045334,-0.41814228021124544,-0.4019881950916431,-0.38024231127679375,0
KMX,-0.0329094988780852,0.10407003804552972,-0.007649103325460982,-0.18865570570227463,-0.33973360877840275,-0.37274692833948264,-0.37078676249054354,-0.37117042909878084,-0.24417678177217716,-0.3208985355822376,-0.3839471055449605,-0.4311904256718806,0.0295126973232668,0.08785175017158542,0.1324639670555936,0.18393960192175696,0.17364447494852442,0.1681537405628002,0.16678105696636925,0.18050789293067937,0.17227179135209325,0.21139327385037743,0.2333562113932739,0.2244337680164723,0.24296499656829118,0.2608098833218946,0.3191489361702129,0.3246396705559371,0.2820864790665756,0.2848318462594377,0.3623884694577908,0.43788606726149704,0
CB,-0.0479452054794519,-0.011135449700853006,-0.16525360766211028,-0.2409212662481348,-0.23194813105681877,-0.2236501445477409,-0.27574923692686215,-0.24887990001689753,-0.16840274644727937,-0.2849043546530825,-0.28246791293128726,-0.32760182168839935,0.0324232081911262,0.05460750853242313,0.055972696245733644,0.10921501706484626,0.06279863481228665,0.05972696245733777,0.04436860068259385,0.029692832764505184,0.023549488054607437,0.04436860068259385,0.07167235494880542,0.045392491467576734,0.0761092150170648,0.12969283276450505,0.18600682593856632,0.1798634812286688,0.15187713310580198,0.12662116040955618,0.12525597269624567,0.16894197952218426,0
JCI,0.1049657254773948,-0.3629215794813969,-0.2565700472086616,-0.46574231427133383,-0.8144053003365872,-0.7707922139327583,-0.7866115578174474,-0.7812002829806178,-0.7285542921394474,-0.7491322406899101,-0.7676348971149987,-0.7874287994221265,0.0334782097967816,0.04522495007635374,0.04522495007635374,0.04921884177140834,0.05309526606366721,0.06096558205098068,0.04522495007635352,0.04921884177140812,0.011746740279572121,-2.220446049250313e-16,0.0334782097967814,0.003876424292258873,0.02948431810172658,0.07282978973334897,0.10231410783507577,0.13379537178432943,0.14565957946669794,0.13379537178432965,0.16727358158111127,0.14166568777164334,0
TT,0.0105065323222699,0.00909043448752933,0.020234041515719614,-0.07498313420888492,-0.22650094173409807,-0.24026189777682627,-0.30318453102373455,-0.21092305585053484,-0.061638228579014354,-0.1529192117814897,-0.23548606280445183,-0.24220917141987008,0.0248736020893323,0.06452152949842627,0.05078935913748084,0.08836134735150347,0.06374305230027466,0.05545185160383048,0.041719681242885054,0.054673374405678876,0.036534018616487085,0.05623032880198231,0.0805891314538274,0.07203843835799928,0.10261668787249745,0.10313148730998489,0.13578567601955416,0.114277104399652,0.11557038103529127,0.09173056318221429,0.12075604366168946,0.12982572155628547,0
ODP,0.0425420168067227,0.007790616246498683,-0.037491511756217566,-0.12214209541283672,-0.32972967049756585,-0.3181186884116969,-0.3451816821011936,-0.23639906040811798,-0.060876899988039246,-0.22820395566945784,-0.30193243957908267,-0.38565868370752854,-0.0118343195266271,0.013524936601859716,-0.010143702451394843,0.018596787827557026,-0.019442096365173245,-0.03634826711749772,-0.040574809805578926,-0.02789518174133543,-0.04480135249365991,-0.03634826711749761,0.010143702451395065,-0.006762468300929636,0.01859678782755725,0.048182586644125225,0.098901098901099,0.06086221470836861,0.0557903634826713,0.06255283178360105,0.09467455621301779,0.06931530008453102,0
FFIV,0.0496838301716349,-0.40214857966602424,-0.4606092227544496,-0.5471895449389286,-0.4256142961130076,-0.42051482658697303,-0.642847913529114,-0.5672699236178556,-0.3391202972900146,-0.5015556174785644,-0.39908472581601806,-0.3547435526248863,-0.0338722093918398,-0.020785219399537924,-0.02163202463433389,0.010007698229407502,0.00461893764434218,-0.008468052347959554,-0.02540415704387944,0.0069284064665131595,-0.01308698999230129,0.05619707467282575,0.04541955350269489,0.05850654349499651,0.06389530408006183,0.06620477290223259,0.0916089299461127,0.05080831408776021,0.07775211701308726,0.031562740569669234,0.05465742879137814,0.0500384911470364,0
NYT,0.0852607709750565,0.05270294784580498,0.13682872584766104,0.16743129374186538,0.02555360205434698,0.07330665226086874,0.03835222105697089,0.1059764801181069,0.09752344773546495,0.03164948129378842,0.10132810199756559,0.04765977925485032,0.0138248847926267,0.03571428571428581,0.031105990783410142,0.05184331797235009,0.035023041474654404,0.025345622119815836,-0.005069124423963012,0.027880184331797286,0.040322580645161255,0.06036866359447024,0.07073732718894021,0.04677419354838719,0.05760368663594462,0.04377880184331784,0.068663594470046,0.05760368663594462,0.053686635944700356,0.04147465437788034,0.059907834101382784,0.08225806451612927,0
EW,-0.019301754385965,-0.11702007419983673,-0.15531799869237395,-0.17313829407861103,-0.13063063243786766,-0.12099076823958455,-0.0837537172810987,-0.07692678419417343,-0.04724364548982918,-0.07378991032923454,-0.06610200049402293,-0.031149092910173648,0.0218978102189779,0.01642335766423364,0.010948905109489093,-0.005474452554744547,-0.010948905109488871,0.0036459854014601056,-0.011682481751824625,0.007299270072993247,4.440892098500626e-16,0.0036459854014603277,0.016423357664234084,-0.0054744525547441025,-0.0054744525547441025,-0.0054744525547441025,-0.010948905109488427,0.05291605839416147,0.05291605839416147,0.045620437956205295,0.049270072992701364,0.049270072992701364,0
BLK,0.0045045045045044,0.03603603603603589,-0.034679316369457314,0.0003206148498957617,-0.05805948837366692,-0.012301714704615274,-0.07232510256383584,-0.19998678569725303,-0.10390457154947075,-0.1295325473138349,-0.07081228206188794,-0.08510747772247418,0.0094383057090239,0.03245856353591159,0.036372007366482384,0.06468692449355418,0.046270718232044095,0.043508287292817416,0.04972375690607711,0.054327808471454464,0.04696132596685043,0.04811233885819499,0.03936464088397762,0.07849907918968668,0.09093001841620607,0.05317679558011035,0.035220994475138045,0.027854511970534013,0.03936464088397784,0.03936464088397784,0.04742173112338843,0.032918968692449146,0
ACN,0.015209125475285,-0.18326140149380432,-0.2035079616999914,-0.2706819890264982,-0.36664488520722205,-0.3685641431308365,-0.4518599370157048,-0.34840815048064067,-0.24801300340241805,-0.322571553891312,-0.37714217871673394,-0.42372503145444496,-0.0224358974358974,0.0064102564102563875,0.009615384615384803,0.03525641025641035,-0.01923076923076894,-0.042948717948717685,-0.09166666666666645,-0.05769230769230749,-0.09871794871794837,-0.05448717948717918,-0.049358974358974184,-0.07051282051282037,-0.04999999999999982,-0.043589743589743435,0.007692307692307887,0.01602564102564119,0.0012820512820514995,-0.0038461538461536104,-0.00833333333333297,-0.0038461538461534994,0
ITT,0.0721041401665913,0.18809240490747214,0.13799477657578407,0.1991364219507359,0.08731092915216565,0.1649368650788221,0.07650271307654988,0.11386950401222395,0.03698150400541822,0.040238160639998855,-0.04308243501187181,-0.04001370824979,0.025093734471699,0.042496724940145336,0.052988209784523566,0.09061751818222885,0.07414057912092886,0.07339522067127446,0.08874282874824968,0.10934182590233554,0.07657993404707075,0.08313005375615523,0.08162804354700337,0.07470524461309158,0.08706012558160592,0.0906175181822293,0.10465510231738762,0.08594208790712443,0.07095586574513324,0.0466187830329321,0.0662804354700286,0.07302254144644804,0
DLTR,0.0243521698407742,0.18967088178219016,0.2547943009263698,0.24093960851965446,-0.01868257294845621,-0.22096058452456468,-0.2916654819687047,-0.15584249868346534,-0.05794590632546437,-0.22301882908414428,-0.30410752469481617,-0.34710678713984355,0.0005027652086475,0.07340372046254395,0.05781799899446938,0.04424333836098526,0.01709401709401681,0.05781799899446938,0.040221216691805006,0.0744092508798393,0.09854198089492239,0.118652589240825,0.16440422322775294,0.16088486676722025,0.2006033182503777,0.19457013574660698,0.22071392659628009,0.20010055304173036,0.19658119658119722,0.17345399698340924,0.2830568124685775,0.2619406737053802,0
BWA,0.0469217970049917,0.04792813003639673,0.08151557010166588,-0.02924103606725359,-0.10139090905483994,0.008424210852020275,-0.16220622884193658,-0.24632072346620615,-0.1250663288188134,-0.16765743960461454,-0.11913153934440923,-0.14100931810578987,0.040582726326743,0.06909469302809579,0.0740894901144642,0.07221644120707604,0.0470343392299688,0.0457856399583767,0.048907388137356955,0.051196670135275735,0.08220603537981286,0.12695109261186288,0.13839750260145722,0.1408949011446412,0.14734651404786714,0.15338189386056222,0.2382934443288245,0.20707596253902238,0.20915712799167574,0.18792924037461,0.21019771071800242,0.21893860561914713,0
PRGO,0.0794901213265517,0.1417022443943916,0.2921453197863668,0.19985252201691095,0.06530779600513692,-0.018085122427239475,-0.03264643598897565,0.14987603178395714,0.15170279763370753,0.1185581515213956,0.15532501052679937,0.08426613630914681,0.0643021524299445,0.07699336672532842,0.07445512386625164,0.09983755245701942,0.08291593339650771,0.09814539055096816,0.0693786381480983,0.0786855286313799,0.06430215242994497,0.11083660484635227,0.10322187626912194,0.08545417625558471,0.07868552863138012,0.0744551238662523,0.11252876675240375,0.17597637741979244,0.19289799648030415,0.17597637741979266,0.16328516312440877,0.21574218221199493,0
TLAB,-0.0066413662239087,-0.2036246647064196,-0.09494285424282511,-0.41609216402762905,-0.45330197710429976,-0.459992337524352,-0.6047066211734015,-0.27371934225160843,-0.1456088283516933,-0.3204131490280975,-0.2807090259414238,-0.4483020110810165,0.1787072243346008,0.24524714828897332,0.1730038022813689,0.26425855513307983,0.1539923954372624,0.1539923954372624,0.13307984790874539,0.11026615969581766,0.08365019011406871,0.10836501901140716,0.051330798479087836,0.0798479087452475,0.09885931558935401,0.11596958174904981,0.15399239543726284,0.09315589353612208,0.12357414448669246,0.06653992395437336,0.11216730038022882,0.13307984790874605,0
CCI,0.0328083989501315,0.13376298188112945,-0.2738563091676942,-0.3587090550627051,-0.6256423417878735,-0.6336073983455783,-0.6543165453956108,-0.44244604096066265,-0.36554204661040923,-0.41253893204667513,-0.3893496793643071,-0.4076691889833779,0.070524412296564,0.0958408679927667,0.048824593128390825,0.09222423146473813,0.09584086799276692,0.0813743218806513,0.11754068716094057,0.10307414104882495,0.1247739602169986,0.17359855334538943,0.18987341772151956,0.14285714285714346,0.14466546112115797,0.12115732368897003,0.12658227848101355,0.1573236889692593,0.14104882459312917,0.17359855334538965,0.16998191681736063,0.08860759493670956,0
CEG,0.25,0.015625,0.015625,-0.1406249999999999,-0.6875,-0.6875,-0.6484375,-0.6044921875,-0.6044921875,-0.4067382812499999,-0.3276367187499999,-0.439697265625,0.0,-0.07692307692307687,2.220446049250313e-16,-0.07692307692307665,-0.07692307692307665,-0.15384615384615352,-0.07692307692307665,-0.15384615384615352,-0.15384615384615352,-0.07692307692307665,0.23076923076923128,0.07692307692307732,0.07692307692307732,0.1538461538461542,0.1538461538461542,0.07692307692307732,6.661338147750939e-16,0.07692307692307754,-0.07692307692307632,-0.07692307692307632,0
FOSL,0.0358399202172208,0.09879880251118345,0.21106602370639327,0.22861271101388247,0.11057010761550679,0.32879259607149036,0.21432556964156912,0.1876771613721695,0.22075154776791917,0.2201516728052566,0.10003986150479394,0.07785934212033419,0.011500796430153,0.024151672503320842,0.029902070718397455,0.025301752146336343,0.035652468933473846,0.027601911432366677,0.012075836251660421,0.014951035359198617,0.02127647339578287,0.10408220769288246,0.11788316340906624,0.08395581394011575,-0.029327030896889483,0.03565246893347429,0.09258141126273012,0.06382942018734816,0.06612957947337894,0.04140286714855046,0.0828057342971007,0.08223069447559306,0
EP,0.0975609756097561,0.0670731707317076,-0.23780487804878025,-0.1361788617886176,-0.44105691056910545,-0.49186991869918684,-0.6443089430894309,-0.6189024390243902,-0.771341463414634,-0.771341463414634,-0.6951219512195121,-0.49186991869918684,0.0,0.0,0.0,0.0,0.0,0.0,-0.19999999999999996,-0.19999999999999996,0.0,0.0,0.0,-0.09999999999999998,0.0,0.0,0.0,0.0,-0.09999999999999998,-0.09999999999999998,-0.09999999999999998,-0.09999999999999998,0
ALXN,0.0960372960372961,-0.13255806292208838,-0.24794623576941188,-0.26492809496171543,-0.23070409938300995,-0.4070427051737876,-0.4018820672727762,-0.4763898853530576,-0.09029878000387503,-0.27099993040038106,-0.3604103918983135,-0.4411205091111453,0.041871921182266,0.12479474548440073,0.16174055829228262,0.17405582922824325,0.06732348111658482,0.10016420361247991,0.07142857142857184,0.08045977011494276,0.06732348111658482,0.07142857142857162,0.09195402298850586,0.0450738916256157,0.08702791461412152,0.06403940886699533,0.11740558292282444,0.14449917898193765,0.09523809523809534,0.06157635467980316,0.10509031198686403,0.10016420361247991,0
LRCX,0.3077609277430864,0.157142945030607,0.026264842823557233,-0.19175462663304588,-0.44492361293056737,-0.4708575097034834,-0.5904897249009566,-0.4200523775593975,-0.25013141811820194,-0.5179416259331298,-0.4867702738759825,-0.410736240376128,0.0405286343612336,0.07577092511013239,0.08898678414096928,0.1224669603524231,0.09691629955947145,0.03524229074889895,0.006607929515418887,0.015859030837004795,-0.023788546255506082,-0.0440528634361228,0.03788546255506664,0.1083700440528641,0.17709251101321666,0.20000000000000084,0.26784140969163106,0.24140969162995707,0.23171806167401,0.1938325991189438,0.2370044052863447,0.29867841409691764,0
MNST,0.0551027551377574,0.017370270894497164,0.08098452779502119,0.10429213611750887,0.07574395254358146,0.04032391957620507,0.05042218112421115,0.07344590143964314,0.07319037992061506,0.06591776575517261,0.08862811077981303,0.01815803862176124,0.0045495485092728,-0.05309346204475618,-0.06928246460820764,-0.0854714671716581,-0.06009099097018511,-0.09932796009329947,-0.05309346204475596,-0.08780397681346785,-0.09466294080968041,-0.07627999353363646,-0.034710514768711676,-0.0692824646082072,-0.018521512205259993,-0.053093462044755624,-0.05542597168656571,-0.07161497425001717,-0.07627999353363613,-0.07858940902057598,-0.07627999353363613,-0.07627999353363613,0
GR,0.0,0.0,0.0,0.0,0.0,0.0,0.0,-0.4,-0.4,-0.9375,-0.925,-0.9125000000000001,0.0,0.0,0.0,0.0,7.0,0.0,0.0,0.0,9.0,9.0,9.0,0.25,0.25,0.25,0.25,0.25,0.25,9.0,0.25,9.0,0
PNR,0.139343520090549,0.23773084522053245,0.1937777542521184,0.21603693852142225,0.030336567707445417,0.10051133554993341,-0.048694972502749234,-0.15892137910705584,-0.09270358156979441,-0.1292471940350678,-0.07830648451514255,-0.09401018913287307,0.018664982101495,0.04355443251210778,0.04638029058749216,0.05203621815118997,0.03818066961465605,0.03535060012634261,0.021212886923563046,0.022059380922299532,0.017818488102758545,0.03167403663929247,0.04411876184459884,0.046380290587491935,0.07211623499684139,0.05203621815118975,0.06589597810065273,0.06363023794483058,0.07353126974099822,0.049492524742051014,0.08540745420088447,0.08031585596967816,0
MDLZ,-0.0147852918488042,0.05021045254002199,0.10062537281755057,0.06777064614899664,-0.024502745072953025,0.04570036093566787,-0.039158220534771915,0.040388260174764934,-0.008195425036937154,0.027706163194854083,-0.16456353327384654,-0.22575366038666123,-0.0024604739367045,0.026361453291286807,0.04217725082329182,0.0,0.022842653228969168,0.0456906786717739,0.03515039512632767,-0.007032227910799604,0.005973901785186975,0.03584878292495586,0.035150395126327894,0.021085939304728463,0.05096619265833313,0.05588714053174226,0.08435450164658431,0.08787330170890195,0.07240669807621103,0.057643854455983634,0.0674857502028019,0.08470906775973397,0
GRMN,0.1301775147928994,0.12567680787558255,0.18398084052219676,0.0891438270135354,0.0069629746116051106,-0.008271701919853824,-0.08017200353066445,0.039028168797975216,0.17924990068630486,0.4426731561632038,0.4461198155806587,0.6471344210934076,-0.0061162079510702,0.005004170141785114,0.023908812899638754,-0.004170141784820447,-0.01890464275785364,-0.021406727828745975,-0.02418682235195968,-0.01056435918821208,-0.003614122880177706,0.025576869613566977,0.06644425910480956,0.07728662774534345,0.07923269391159304,0.07311648596052267,0.10091743119266061,0.09257714762301927,0.10619961078676687,0.08840700583819872,0.08229079788712834,0.12204614956908544,0
RRD,0.0836236933797909,0.11358885017421594,0.052615296738447226,0.010437331886558265,0.028573386561445036,-0.03162862464343619,-0.14250805895921592,-0.2621153039541749,-0.21131620678921115,-0.2021539880019112,-0.22376606959102385,-0.334552508485075,0.0184682237914177,0.042911461162411735,0.032047800108636615,0.06192286800651847,0.04019554589896801,0.03367734926670307,-0.0021727322107548686,0.013036393264530322,0.02118413905486194,0.03476371537208078,0.059206952743074526,0.03204780010863684,0.04291146116241196,0.030418250950570602,0.03747963063552451,0.04834329168930007,0.040195545898968676,0.054318305268876266,0.06463878326996264,0.08799565453557934,0
TIE,0.4594594594594594,0.07394186639469669,0.1050296572640168,-0.010843017794358367,0.049605464451542014,-0.27979199513697384,-0.5311587105597555,-0.7332938772645314,-0.615063328010664,-0.47483639750026296,-0.4964926285311799,-0.47104655706985243,-0.0009469696969698,-0.0009469696969698349,-0.005681818181818232,-0.00037878787878786735,-0.00321969696969715,-0.00321969696969715,-0.0028409090909092827,-0.0018939393939395588,0.0009469696969692798,0.01003787878787854,0.010984848484848486,0.017992424242424088,0.018560606060605833,0.023295454545454453,0.039393939393939315,0.06534090909090917,0.0890151515151516,0.09848484848484862,0.10416666666666696,0.12215909090909127,0
PVH,-0.0328992460589445,0.03793066831420333,0.06855813065790106,0.06107618321217423,-0.20503498654579966,-0.1578760450697032,-0.1578760450697032,-0.10137996285259576,-0.12597237511180714,-0.2515733819475918,-0.23412302038678445,-0.23412302038678445,0.0081300813008129,0.03252032520325199,0.024390243902439046,0.0373983739837398,0.020325203252032464,0.04065040650406493,0.03658536585365835,0.033333333333333215,0.04471544715447129,0.06097560975609739,0.0731707317073167,0.06097560975609739,0.06504065040650375,0.0634146341463413,0.07154471544715424,0.08130081300812986,0.06341463414634108,0.06178861788617862,0.0731707317073167,0.07723577235772328,0
BIG,0.0857805255023185,0.19219935541660838,0.3679723373049544,0.5014888788712495,0.26649976571457046,0.29336491226003103,0.21868848577835065,0.28039423189371027,-0.008475198472553624,0.0090671634006243,-0.037149653243679026,-0.14884029346741212,0.0115555555555555,0.057777777777777706,0.07022222222222219,0.09511111111111115,0.09333333333333327,0.08444444444444432,0.05066666666666664,0.12444444444444436,0.0968888888888888,0.10400000000000009,0.11288888888888904,0.08088888888888923,0.1244444444444448,0.12622222222222268,0.14222222222222247,0.13333333333333353,0.14222222222222247,0.12533333333333374,0.13333333333333375,0.13155555555555587,0
REGN,0.1033112582781456,-0.07309286072238774,-0.2810594907039702,-0.37905792917348846,-0.25677079901071687,-0.34195466158828514,-0.42870661938532795,-0.3667641869084257,-0.10570415176565018,-0.2389233953646981,-0.2315382854544904,-0.2422802233997502,-0.0810092961487384,-0.11952191235059761,-0.06640106241699872,-0.07304116865869859,-0.14209827357237725,-0.12350597609561764,-0.14209827357237714,-0.15139442231075695,-0.13678618857901725,-0.15272244355909703,-0.14342629482071712,-0.18326693227091628,-0.19787516600265598,-0.21646746347941548,-0.22045152722443528,-0.16998671978751623,-0.1274900398406369,-0.13811420982735667,-0.16733067729083617,-0.15006640106241642,0
MAC,0.0983595895913507,0.06921629086680103,0.038304659644993855,0.12543336102273628,0.08549841979004835,0.10618136759009533,0.12654613296346628,0.032213577367558255,0.0994602950715382,0.11211876743145877,0.07240010460327184,0.1550299791196197,0.0239362317881892,0.033385701764540476,0.02677404951297402,0.018898939952703087,0.02677404951297402,0.034960062180621865,0.03937224032148712,0.03622021200945946,0.03149713076121641,0.03307149117729735,0.029922770345135463,0.030551191519621934,0.03937224032148734,0.03937224032148734,0.053544791546081605,0.05826787279432466,0.04566968198581112,0.04976434205956792,0.056693512378243716,0.04881840281797345,0
KSU,0.1054091539528432,0.11236141278273526,0.17027483236888408,0.20209499397408015,0.16000383394768813,0.11936675696225962,-0.08381862796488315,0.01395566865546538,-0.06993274997430343,-0.12532860499150789,-0.07834212509435756,-0.118256442511531,0.0133928571428572,-0.004464285714285587,-0.017857142857142794,0.0044642857142858094,2.220446049250313e-16,-0.011607142857142594,-0.01785714285714257,-0.02232142857142838,-0.005357142857142505,0.01071428571428612,0.017857142857143238,0.008928571428571841,0.028571428571428914,-0.01785714285714246,-0.01874999999999949,0.003571428571429225,0.006250000000000533,-0.004464285714285143,0.05803571428571486,-0.01785714285714224,0
HNZ,-0.0256937471534992,-0.01181067131546365,-0.046313231613617334,-0.04164961668354261,-0.10518428109813505,-0.1210118444958278,-0.2157274421824149,-0.24575024508237875,-0.1818394036980424,-0.1240627192308833,-0.147544170432224,-0.19351636463079447,0.0051369863013699,0.023972602739726012,0.013698630136986578,0.027054794520548153,0.017123287671233278,0.025684931506849695,0.018493150684931958,0.027397260273972934,0.023972602739726234,0.03219178082191809,0.025000000000000133,0.008561643835616417,0.02568493150684925,0.013698630136986356,0.02739726027397249,0.02739726027397249,0.019863013698629972,0.017123287671232834,0.03150684931506853,0.03458904109589045,0
FHN,0.0159553377883643,0.12221231268233645,0.13239587501649464,0.11405769193377413,0.09017291666848437,0.11551177541516333,0.012430074747710407,0.08031328944274074,0.07680902541485235,0.032012586395764764,0.06612828266588089,0.08632520571708224,0.021303643866537,0.026316118747856443,0.018796155184019225,0.025062374406597643,-0.008771205421381434,-0.0037587305400614834,-0.01879615518402067,0.0017542410842756873,0.01503742464395863,0.01378368030269983,0.03884605470929836,0.032582337970435304,0.04561277067489433,0.051378493154455196,0.09172854057652136,0.0929822849177806,0.08671606569520196,0.07594037081803662,0.09498677437356529,0.10225648956589395,0
AMD,0.067489114658926,-0.18312605736572263,-0.17736835556741926,-0.29859828211537853,-0.4133066880610927,-0.3533952913251147,-0.5985035878693155,-0.5451682711287079,-0.3289367934685854,-0.5398016651599853,-0.6324025496095005,-0.6148645033122438,0.064516129032258,0.15967741935483892,0.17741935483870974,0.20967741935483897,0.1370967741935485,0.12903225806451624,0.1322580645161291,0.13387096774193563,0.15483870967741953,0.19354838709677447,0.2580645161290325,0.20967741935483897,0.3193548387096776,0.36290322580645173,0.370967741935484,0.3500000000000001,0.2580645161290325,0.21612903225806468,0.2435483870967743,0.23548387096774226,0
VRTX,0.2727272727272727,-0.025875887336844428,-0.08826049607001607,-0.24749712932927048,-0.09973292927029087,-0.08595333124891791,-0.1485781911734254,-0.11938915236871694,-0.1456465306453466,-0.27585548185715203,-0.37478726568328036,-0.504404539870893,0.0162895927601809,0.08235294117647052,0.0914027149321266,0.10407239819004488,0.09321266968325759,0.06153846153846132,-0.0018099547511314373,-0.020814479638009087,-0.03438914027149331,-0.004524886877828038,-0.06606334841628947,-0.06334841628959265,-0.06153846153846143,-0.039819004524886736,0.0018099547511314373,0.03981900452488718,0.04886877828054326,0.06787330316742124,0.04072398190045301,0.09049773755656187,0
AME,0.0785504969550809,0.12897988389544812,0.1007015322938003,0.08900752316985328,-0.03645259253444422,0.008394584038841524,-0.14264378723471327,0.042594149713758744,0.09875884731671203,0.13381602973471818,0.012076750516190948,-0.03363372229229944,0.0375612312595232,0.057858049506060105,0.06270505087836731,0.0830018691249037,0.07391677092768534,0.07361383334191585,0.0530140775096104,0.0633139554257629,0.05422279847682954,0.08179314815768435,0.10572521743345153,0.08754896228729936,0.09360771400268342,0.08603427435845323,0.08603427435845323,0.08603427435845323,0.08179314815768413,0.06634030190759721,0.11481334500652784,0.13298960015268002,0
RIG,0.163922942206655,0.21706228124701776,0.28506963416870446,0.05480682751923971,-0.1406525846089266,-0.1743524832517136,-0.27231066320490005,-0.2310282873674857,-0.1586666989207518,-0.21610712509885288,-0.22730559474029766,-0.23001918352084116,0.0141463414634144,-0.008780487804878168,-0.03073170731707331,-0.04146341463414627,-0.05512195121951202,-0.06195121951219529,-0.020000000000000018,0.005365853658536812,0.005853658536585371,-0.009756097560975174,-0.029268292682926633,-0.04975609756097543,-0.015609756097560656,4.440892098500626e-16,0.007317073170731936,-0.01219512195121919,-0.015609756097560545,-0.031707317073170205,-0.04390243902438984,-0.05609756097560925,0
MOLX,0.1618632707774798,0.13419985956849212,0.27352899163327127,0.12966738331914263,-0.013948721350505955,0.013346815774739618,-0.19234438810498555,-0.08884302818678635,-0.02710494635094618,-0.20709225199596026,-0.28764594486249206,-0.240950966128598,0.0237334550433592,0.048836147877681535,0.040164308534915705,0.07256960292104075,0.04792332268370614,0.006389776357827559,-0.016430853491556263,-0.009128251939753307,-0.0022820629849383822,0.006846188954815036,0.021907804655408425,-0.034687357371063654,0.05157462345960728,0.036056595162026195,0.07256960292104031,0.04335919671382893,0.03194888178913713,0.010041077133728704,0.053400273847557855,0.05568233683249635,0
ANF,0.137370753323486,0.11506936600341766,0.07431932272754538,-0.10800061741175915,-0.1669757832027171,-0.14253037729218732,-0.2602444088305843,-0.20587682923861528,0.10457736335769807,-0.1119979232102748,0.17835928588302896,0.12751845378508353,0.0226440226440225,0.0586080586080584,0.0629370629370627,0.09790209790209747,0.05561105561105517,0.06460206460206419,0.015651015651015232,0.06560106560106527,0.008325008325008154,0.039627039627039284,0.059607059607059476,0.035631035631035424,0.05827505827505819,0.0522810522810524,0.07392607392607387,0.06560106560106549,0.073260073260073,0.05727605727605711,0.08225108225108202,0.1025641025641022,0
ADS,0.1942992874109264,0.17663778715744738,0.03515542975430508,0.22275641378744782,0.009259262173766603,-0.12189568542272755,-0.26297615701685995,-0.18108461890762217,-0.07884133759963874,-0.14762759802953518,-0.16341227214009946,-0.21717270110065656,0.0069848661233993,0.04190919674039573,0.03550640279394646,0.03899883585564634,-0.004074505238649273,-0.0541327124563441,-0.0541327124563441,-0.025029103608847136,-0.010477299185098543,0.01862630966239842,0.1641443538998839,0.18742724097788166,0.1932479627473811,0.17578579743888278,0.20605355064027986,0.21362048894062924,0.19150174621653138,0.17927823050058267,0.25669383003492485,0.2305005820721775,0
TER,0.1525869628763518,-0.03364528176143011,-0.20216811677132696,-0.3106967185340508,-0.5628097580554232,-0.6313028959600736,-0.7204192576000559,-0.6473205426600703,-0.5138421946340248,-0.6279462913052154,-0.7086934413459824,-0.675361248576917,0.0466893039049236,0.08913412563667245,0.08743633276740259,0.11035653650254695,0.08234295415959281,0.04923599320882888,0.02461799660441466,0.03225806451612945,0.007640067911715009,0.03225806451612945,0.0789473684210531,-0.003395585738539486,0.04838709677419395,0.030560271646859594,0.07130730050933831,0.04244482173174924,0.02886247877758974,-0.026315789473683515,-0.002546689303904115,-0.001697792869269188,0
MHK,-0.0454328832406671,0.025163649768412233,0.044614655253909286,-0.01914940122427833,-0.24427569437393704,-0.2124557236107345,-0.20200870769944834,-0.13932661223173126,-0.00513907278793535,-0.08587722160814626,-0.15292897157989693,-0.20704516808749396,0.0428720083246618,0.07138397502601457,0.05764828303850167,0.06347554630593155,0.07575442247658692,0.0728407908428721,0.05535900104058289,0.07970863683662865,0.0765868886576484,0.10509885535900132,0.1086368366285122,0.11134235171696161,0.13881373569198763,0.1386056191467222,0.16545265348595217,0.13485952133194612,0.12424557752341348,0.1134235171696154,0.1446409989594175,0.1569198751300731,0
TSCO,0.0456898256653202,0.24961589366924386,0.2578821183050368,0.6177024885269273,0.36590755316581514,0.429578204462993,0.38091171239616783,0.6803598960259583,0.9493752596620388,0.6288113280731704,0.5795960619858305,0.41525986913767055,-0.0187221396731053,0.04249628528974747,0.09004457652303133,0.1390787518573553,0.10698365527488907,0.10312035661218455,0.11441307578008963,0.12154531946508218,0.1274888558692424,0.15601783060921282,0.1857355126300153,0.2597325408618132,0.2826151560178307,0.24814264487370008,0.22823179791976256,0.22169390787518628,0.2190193164933143,0.2585438335809813,0.26151560178306155,0.2659732540861819,0
LIFE,0.0516938457350721,0.12912169973210297,0.0811443674357939,0.09528240916380026,-0.007351436273607348,-0.08125082632969705,-0.13064594319369183,-0.06440944362749657,-0.1306646160905015,-0.0464942464014646,-0.044234754094359174,-0.08873118834554794,0.0019588638589618,0.025954946131243828,0.013712047012732542,0.028893241919686785,0.07737512242899092,0.1557296767874632,0.18756121449559227,0.170910871694417,0.1870714985308517,0.18364348677766862,0.17042115572967664,0.14593535749265407,0.16895200783545516,0.17482859941234064,0.1728697355533788,0.1679725759059747,0.1675318315377079,0.15523996082272262,0.18266405484818793,0.15279138099902045,0
ESS,0.10084388185654,0.09704641350210963,0.10232067510548504,0.15511381088639897,0.08053566315492189,0.11430240262851288,0.04319467498492102,0.00020240959160311434,0.07844234437995268,0.07107017991641795,0.060149464356485716,0.06748251401112548,0.0344497607655502,0.05033492822966523,0.03349282296650724,0.038277511961722466,0.04287081339712939,0.03540669856459355,0.04574162679425875,0.037320574162679865,0.033492822966507685,0.042870813397129615,0.037320574162679865,0.0545454545454549,0.057990430622009814,0.060287081339712945,0.08095693779904312,0.08038277511961733,0.06698564593301448,0.058373205741626855,0.06124401913875621,0.05645933014354099,0
SLM,0.0543338543332512,0.03755804755768399,0.04656009476026046,0.05198706279127485,0.005046401018703461,0.01277876435851999,0.030929987406782322,0.12082273667819288,0.07919070317107324,0.14372281569961287,0.1795884713875846,0.20967671611321204,0.0306016022572681,0.03465259233133433,0.039602962664382124,0.03510354209704203,0.017100821282812984,0.03285383181337176,0.021512067314958916,0.029702221998286316,0.028802841739305363,0.037622814531162785,0.056255353453922075,0.03510354209704181,0.03564266639794367,0.028351891973597443,0.042303622713759426,0.04320300297274082,0.025923313347104626,0.02142137350733031,0.026553131455634427,0.011251070690783571,0
LSI,0.0837931034482761,0.062068965517241725,0.052476084538376266,0.1676333704115689,0.12980136135552378,0.050698069692884706,0.046227014077170336,0.0014133363737003357,-0.034782326386794904,-0.02237238486891102,-0.06299212380745633,-0.06505753426195848,0.0193661971830985,0.010563380281690016,-0.007394366197183255,-0.005281690140845452,-0.005281690140845452,-0.007394366197183255,-0.0035211267605634866,0.008802816901408494,0.0017605633802817433,0.011971830985915588,0.010563380281690238,0.01654929577464781,0.02464788732394374,0.021126760563380254,0.04225352112676051,0.051056338028169,0.0454225352112676,0.028169014084507005,0.03943661971831003,0.033450704225352235,0
AMG,0.0762669072046009,-0.04598470594043025,0.059338067197897804,-0.0613843457601444,-0.27815317600206413,-0.2031849365575824,-0.3097889965410435,-0.203648702894759,-0.15987747066338664,-0.23306485241486785,-0.2954216206633151,-0.356701638632987,0.0401725506700207,0.09875512917388041,0.0884728691809582,0.11788491520722344,0.09086409243512628,0.07747563343504016,0.07125845297420375,0.0796253431405376,0.06097380175802791,0.07843212273670774,0.1047331873093007,0.10353757568221678,0.1047331873093007,0.09038823900754722,0.12362385101722695,0.1095156338176364,0.08775550220470829,0.07101693942553311,0.09254033993629829,0.09038823900754722,0
ENDP,-0.0297790585975024,0.15014921024865746,0.08074365445779019,-0.30466860466870127,-0.18861471985591682,-0.059776572342128964,-0.09987588799981606,-0.2862173708349419,-0.09960064208720898,-0.19486937786636704,-0.03475758425326503,0.022746219238029886,0.05,0.06343283582089554,0.0492537313432837,0.07238805970149276,0.10746268656716462,0.06417910447761233,0.07835820895522416,0.01119402985074669,0.014925373134328623,0.044029850746269084,0.07686567164179148,0.03805970149253768,0.019402985074627344,0.0007462686567170085,0.049253731343284146,0.13134328358209002,0.20671641791044837,0.18283582089552297,0.21641791044776193,0.25223880597015014,0
SWKS,0.0046113306982873,-0.19301712779973634,-0.319838257425915,-0.6313576492884598,-0.8140760318150493,-0.7662033933003614,-0.7416832613782041,-0.6064272866491951,-0.3215234340662091,-0.5358358731468827,-0.6320521272326086,-0.6351880466027852,0.0095999999999998,0.06239999999999979,0.04319999999999968,0.025599999999999845,-0.08000000000000018,-0.10240000000000016,-0.09280000000000033,-0.1072000000000003,-0.12960000000000016,-0.07360000000000022,-0.022400000000000087,-0.12319999999999998,-0.128,-0.13760000000000006,-0.09919999999999995,-0.11359999999999992,-0.10079999999999989,-0.16799999999999993,-0.15679999999999994,-0.17919999999999991,0
HSIC,0.0265684039039528,0.10530091787360174,0.14850305296816835,0.02997268153730137,-0.002981115295672576,0.16404105490146148,0.23299394392906292,0.1782729732038013,0.0031457414524516114,0.05941380106431615,-0.05755001981191554,-0.08031305267025779,-0.006170236689717,0.019171304885591045,-0.007932759880811324,-0.0436329903862368,-0.039225276887614124,-0.054649463091021255,-0.049142632259514984,-0.025782875133524064,-0.052226345083487447,-0.04737729802664825,-0.03812334851295851,-0.08505931298139047,-0.07734862540057286,-0.07448136279305051,-0.04914263225951465,-0.06809186484511098,-0.08021307696632285,-0.07580536346770039,-0.05685331984033215,-0.05464946309102092,0
EQIX,-0.0546877334156618,-0.5654608265796394,-0.6612067063642447,-0.7529635982880093,-0.6706181310506791,-0.7872738451538529,-0.7589088513085368,-0.7890443445037698,-0.726540993965936,-0.8646939304875805,-0.9177828950325554,-0.9090865966840345,-0.0131834954713184,-0.023045957732304445,0.07893324387789336,0.11180811808118096,0.036162361623616635,-0.03619590741361911,-0.032908419993290305,-0.026333445152633028,4.440892098500626e-16,-0.016470982891646502,0.036162361623616635,-0.013183495471317919,0.049312311304931855,0.03911439114391202,0.03944984904394522,0.023012411942301636,0.019724924521973053,0.019724924521973053,0.03287487420328805,0.05920831935592141,0
NBR,0.1801675977653631,0.25160964093625826,0.22020127108820198,-0.015471888699119307,-0.14878759328887015,-0.07785322606294254,-0.07075978934034977,0.061945430286534764,0.06646434701115811,0.04483881997454309,0.08917427202438222,0.17161584063393276,0.0045260246416896,0.020618556701030855,-0.005531807895398533,-0.0017601206939904523,0.003268795574553618,-0.0017601206939905634,0.0007543374402816383,0.01835554438018594,0.035202413879808825,0.039728438521498655,0.023133014835303056,0.00452602464168983,0.043500125722906846,0.04601458385717905,0.0573296454614034,0.05481518732713142,0.04475735479004328,0.03520241387980949,0.008800603469952817,-0.0022630123208442487,0
SLG,0.0506583983583464,0.10083906909174067,0.11643185403404521,0.11020151530826472,0.005731282945387273,0.03098455705737657,-0.04540809357476405,-0.0938514344129916,-0.014976885071151136,-0.018701330239117353,-0.06451462768648497,-0.09225335628778486,0.0380096243817673,0.039633738804972785,0.03898542975538044,0.029889052265740013,0.034113086485763944,0.03703716080737851,0.03898542975538,0.041909504076994564,0.03963373880497234,0.04548188744820192,0.05750568105868159,0.051981686940248295,0.06075390990509266,0.07374682529073628,0.06887448202111979,0.061402218954685006,0.06237802432829853,0.05912979548188768,0.05425411041304695,0.05425411041304695,0
O,0.0726978998384493,0.10376689388864846,0.11679069204662662,0.19860210320818195,0.09198789995785828,0.10012491858645634,0.11151674466649353,0.08555430975457545,0.12917033112864318,0.127559531797504,0.09147762677998394,0.12090709760575535,0.0237099023709903,0.030683403068340276,0.023709902370990132,0.01673640167364021,0.030683403068340276,0.023709902370990132,0.026499302649930057,0.0334728033472802,0.03207810320781035,0.046025104602510636,0.04323570432357049,0.04881450488145056,0.0599721059972107,0.0599721059972107,0.08089260808926091,0.06555090655509077,0.05578800557880048,0.051603905160390706,0.061366806136680774,0.051046025104602766,0
QRVO,0.1365079365079364,0.12807975443457464,0.07501676946988223,-0.501725803931843,-0.5690251758683214,-0.5670838478316922,-0.6052436302416646,-0.45154061818682334,-0.1915695448243503,-0.5483387777105555,-0.6637965471169962,-0.631078761433751,0.0098039215686274,0.02450980392156854,-0.0032679738562092497,0.05392156862745101,-0.08496732026143805,-0.11274509803921573,-0.12745098039215674,-0.1356209150326796,-0.15359477124182996,-0.14379084967320233,-0.10947712418300615,-0.12091503267973813,-0.12908496732026098,-0.11764705882352877,-0.15196078431372473,-0.17810457516339795,-0.1862745098039208,-0.18954248366012993,-0.20915032679738488,-0.2352941176470581,0
JBHT,0.1995780590717299,0.10603588688923105,0.14760671179509033,0.2547166715626321,0.1198420751281275,0.0053561378753466116,-0.027674043245814683,0.14325714405619494,0.1387039838155657,0.20840372060108914,0.14108663021900525,0.009090663263941812,0.0155728587319243,0.03819058212829063,0.02187615869484616,0.04931405265109401,0.05672969966629604,0.04560622914349288,0.03633667037449029,0.06043752317389717,0.07526881720430123,0.16611049314052662,0.21357063403781962,0.2298850574712643,0.24768261030774918,0.24026696329254738,0.27512050426399703,0.2662217278457544,0.2728958101594361,0.26955876900259534,0.2866147571375601,0.27734519836855775,0
ATI,0.0468354430379744,0.06964783768044858,0.11207910181578895,-0.0016562608699166592,-0.3914554405430001,-0.4491403935748616,-0.561845002705522,-0.5681493911558022,-0.5425582439650349,-0.6047347933290108,-0.7062826025225333,-0.8090836916396466,0.064625850340136,0.12925170068027203,0.1054421768707483,0.09523809523809534,0.06462585034013602,0.061224489795918435,0.054421768707483276,0.10204081632653095,0.09523809523809557,0.11564625850340171,0.17687074829932015,0.10884353741496633,0.2040816326530619,0.24149659863945638,0.2380952380952388,0.3503401360544227,0.312925170068028,0.3163265306122458,0.39455782312925236,0.36734693877551083,0
AAP,0.0267857142857146,0.3214285714285716,0.2815196548418024,0.20857502396931937,0.11659891001283085,0.16661253845571733,0.1843531333619739,0.202087003251207,0.19168432726153317,0.13704124103588256,0.012894901453393448,-0.10174638512019496,0.0051880674448767,0.02442715088629499,0.03761348897535677,0.06139213143104216,0.048638132295719894,0.03761348897535699,0.005836575875486583,0.024643320363165078,0.025724167747514626,0.031128404669261256,0.03761348897535721,0.01253782965845307,0.030696065715521526,0.0345871162991791,0.07003891050583744,0.08408992650237868,0.07890185905750191,0.07760484219628272,0.08192823173368002,0.08841331603977598,0
ATVI,0.0286209857343351,0.11274961750881118,0.15158325422679053,0.022458688552694284,0.00393189665626692,-0.02645884333374504,-0.16016953424903102,-0.273565321994206,-0.22894358873357235,-0.4886307392366437,-0.5009778487803538,-0.4999710655999082,0.0117648687179061,0.010380766515799555,-0.0033841298841505996,0.012456919818959467,-0.013841022021065852,-0.0249138396379186,-0.040831014962144585,-0.04013896386109117,-0.05328793478110383,-0.027682044042131704,-0.03114229954739811,-0.027605918421015563,-0.011072817616852415,0.0013841022021070515,0.041523066063198444,0.0927348475411427,0.08373818322744997,0.05951639469058434,0.08650638763166318,0.05744024138742465,0
ILMN,0.3670520231213874,0.23475666604512413,-0.04789847437484396,0.004414796263900955,-0.34158317258164617,-0.4237019751104386,-0.4823850638067647,-0.39487995998040126,-0.262048731683416,-0.4485818682423751,-0.5148814090108871,-0.6102880652387459,0.004255319148936,0.1574468085106382,0.06382978723404231,0.025531914893616836,0.09361702127659521,0.046808510638297385,0.14893617021276562,0.07234042553191466,0.0680851063829786,0.09361702127659566,0.04680851063829783,0.0,-0.08510638297872353,-0.20851063829787242,-0.14893617021276606,-0.20000000000000018,-0.2297872340425533,-0.1617021276595746,-0.20468085106382983,-0.22127659574468073,0
CHD,-0.0469102332247389,-0.07473285430975618,0.12488151122125135,0.013296365021274292,-0.10345267892302379,0.0011388045151985438,0.06031455482377779,0.10572312413765927,-0.036888113901853536,-0.027298581645755826,-0.07815845410955635,-0.054358840358903815,0.0009852152038412,0.021346329416555898,0.001970430407682411,0.014118133871042104,0.004926076019205361,0.0016420253397353424,-0.0013136202717876078,-0.006571385409619213,-0.01642353744802949,-0.0016453093904142957,-0.00426926588331078,-0.005254481087151874,0.0045976709512585145,0.0009852152038416495,0.018058994686406482,0.014449822989669014,0.020361114212715137,0.021346329416556342,0.03448253213443664,0.03776329876322748,0
WLTW,-0.0851851851851851,0.08377210746591035,0.20324596095106018,0.21730170841990115,0.1671341228607781,0.16307131420525,0.236940562487578,0.1298621257349224,0.022132807717601954,0.05222792090713235,-0.04492901255641779,-0.08335140860299872,-0.0071047957371225,0.001776198934280604,-0.007460035523978448,0.00888099467140302,0.001065719360568318,0.02238010657193601,0.011367673179396354,0.013854351687389022,0.001420959147425016,0.030195381882770933,0.07637655417406775,0.06927175843694555,0.07104795737122571,0.06678507992895222,0.10124333925399642,0.12397868561278891,0.08703374777975159,0.09769094138543521,0.0749555950266434,0.08348134991119016,0
FRT,0.0202702702702703,0.073235120366268,0.09115555836867317,0.10108960387457877,0.08479776924489357,0.07287691463780677,0.07486740984121631,0.04937963131960177,0.08475644464817922,0.1173388726559268,0.1141600991917564,0.16628687526108488,0.0217534607778511,0.023401450230718712,0.02175346077785112,0.024060646011865527,0.01878707976268945,0.020105471324983304,0.020105471324983304,0.020105471324983304,0.01713909030982186,0.020105471324983304,0.021753460777850897,0.02373104812129201,0.028345418589321048,0.03164139749505601,0.041529334212261126,0.04317732366512872,0.0349373764007912,0.027027027027027195,0.025049439683586305,0.023401450230718712,0
CNX,0.1290299292506342,-0.01118479404302719,0.03868403928926556,-0.08981565524580115,-0.4031585608319338,-0.3866614525348202,-0.4425754695483517,-0.4337979591942116,-0.38304702262193413,-0.2455130355983297,-0.3241031374970612,-0.23125236652242842,0.0225602935908588,0.006096981482428987,0.017077396574285864,0.012193962964858418,-0.04267887037700391,-0.017070086044930433,-0.004269349143571355,0.004269349143571466,0.0030484907412144935,0.012193962964858418,0.018905028913143607,0.025002010395572594,0.05183165313000293,0.053659285468860674,0.04878316238878844,0.0634188421583608,0.04207209644050347,0.039023605699288755,0.05183165313000315,0.038416831762787984,0
UDR,0.119434628975265,0.19454046670203984,0.1337405028279841,0.13015271642662962,0.1624427940388189,0.20300154573113893,0.1516097829471974,0.04186389767574039,0.122118507420367,0.17829645580213116,0.1509444305605423,0.12141456719822563,0.0200250312891114,0.03754693366708395,0.03191489361702127,0.02377972465582001,0.04192740926157712,0.015018773466833668,0.02816020025031296,0.01689612015018782,0.010012515644555853,0.02941176470588247,0.04505632040050078,0.04630788485607029,0.03879849812265368,0.05757196495619543,0.06382978723404276,0.0619524405506886,0.0619524405506886,0.05131414267834855,0.057571964956195876,0.04380475594493194,0
CNC,0.2116390918566568,0.36216835541109305,0.398521214374737,0.6349548464183996,0.2739625064683606,0.41433116019731453,0.41911645521080154,0.5929059009286444,0.4645311054577206,0.7321671234197624,0.4261898061076912,0.2760650901129029,0.0128629006331622,0.007106574935448862,0.028091275494837475,0.014554942284459305,3.722491632873748e-05,0.006263938193102669,-0.0050761249538917586,-0.00490353670545951,-0.012517724136297037,-0.015228374861675387,0.013539717293681308,-0.038947414729560426,-0.015228374861675165,-0.0016886575679943006,0.011847675642383981,0.0016954257346004642,0.01049404232134643,0.015908575605497743,0.03959377464035718,0.0626089251813029,0
HOLX,0.2117647058823528,0.28963548698167796,0.31351762562948693,0.14497590619630585,0.034928751961183835,-0.1274130130523352,-0.18558547884884613,0.017627357522842946,0.14587172172784912,0.0007935423674561015,-0.19037844858273534,-0.4134705594442061,0.0280373831775702,0.026869158878504606,-0.008177570093457875,-0.005841121495327006,-0.001168224299065268,0.004672897196261738,0.016355140186915973,0.05735981308411242,0.06542056074766367,0.08060747663551426,0.07476635514018715,0.08528037383177578,0.04906542056074792,0.02803738317757043,0.0514018691588789,0.0514018691588789,0.04672897196261738,0.060747663551402376,0.06425233644859851,0.042056074766355644,0
FL,-0.0164133738601823,-0.030570127553058213,-0.05826812390868508,-0.11058656146931367,-0.32147840771885794,-0.41928332192154505,-0.38283408361662075,-0.3951774019442883,-0.1729976720462718,-0.35677596714710025,-0.3753305065563185,-0.3753305065563185,0.0084033613445377,0.022408963585434094,0.0429505135387489,0.041083099906629394,0.03454715219421134,0.0252100840336138,0.019607843137255276,0.0252100840336138,0.01774042950513577,0.014939309056956507,-0.014939309056955508,-0.033613445378150586,-0.041083099906628506,-0.024276377217552825,-0.013071895424835667,0.008403361344538895,0.02147525676937545,0.0009337068160608641,0.03548085901027176,0.031746031746032966,0
THC,0.1427112407693791,0.24208494329806807,0.2552269342092399,0.20149139490457757,0.18287324312403141,0.16241939329501198,0.22816990326794206,-0.2902535734883752,-0.5364664931278061,-0.5998973940682117,-0.5684744675831612,-0.5679989573546026,0.0126201923076922,-0.0036057692307693845,-0.014423076923076872,-0.04447115384615363,-0.09855769230769207,-0.08653846153846145,-0.1280048076923075,-0.07752403846153832,-0.0715144230769229,-0.055889423076922906,-0.08353365384615363,-0.12860576923076905,-0.12259615384615363,-0.18810096153846123,-0.1478365384615381,-0.1478365384615381,-0.12860576923076894,-0.12860576923076894,-0.14062499999999956,-0.11959134615384581,0
GPN,0.1949788066514508,0.256117257224316,0.18835174452026782,-0.02607536089592366,-0.15593197944313386,-0.09589638397868938,-0.16684475989396863,-0.08417760572002386,-0.06537488045693052,0.031632761261160436,-0.0845261997268767,-0.10969933937935716,-0.0026315789473683,0.022697368421052744,0.003289473684210842,0.028947368421053055,0.016118421052631948,-0.0032894736842101757,-0.01611842105263117,0.00822368421052655,0.014802631578947567,0.0430921052631581,0.07565789473684226,0.04276315789473695,0.043749999999999956,0.029605263157894912,0.04078947368421049,0.04177631578947372,0.02960526315789469,-0.013157894736842035,0.017763157894737036,0.014144736842105265,0
AYI,0.1681978798586572,0.31095406360424005,0.191135681446863,0.29039698823410154,-0.0572933113734202,0.004405908734559816,-0.12042739706530692,-0.1327240535208083,-0.01607290282477658,-0.02614233218183304,-0.05813035776710118,-0.06863448017118545,0.0874074074074073,0.06666666666666687,0.05333333333333368,0.04000000000000026,0.07037037037037064,0.06296296296296333,0.055555555555556024,0.07407407407407463,0.06740740740740803,0.0785185185185191,0.08888888888888946,0.11111111111111183,0.07777777777777861,0.04814814814814894,0.04814814814814894,0.05407407407407483,0.05333333333333412,0.0762962962962972,0.10740740740740828,0.10370370370370474,0
ALK,0.0669871794871794,-0.015607912418906578,-0.10495201961692935,-0.1596851694964696,-0.24368446890720163,-0.2137536840596993,-0.4294153426755506,-0.2984402281533475,-0.31304253607800014,-0.32397140482221376,-0.38748463214185,-0.43767557275541624,0.0276555625392835,0.0873664362036457,0.04022627278441249,0.08422375864236331,0.027655562539283585,0.010685103708359511,0.011942174732872735,0.013199245757385736,-0.0006285355122560565,-0.0037712130735382265,0.03708359522313054,-0.005656819610307506,0.02451288497800186,0.011942174732873179,0.05216844751728544,0.08108108108108181,0.10307982401005744,0.09050911376492876,0.109365179132622,0.10873664362036584,0
AJG,-0.0556195965417867,0.04066338720517404,0.01898289997173297,0.008793070972015649,-0.1337633805171683,-0.14381527302993835,-0.2659146601804515,-0.2022622036482865,-0.15834180811880993,-0.13235376570282942,-0.2558401013585748,-0.2788280110987852,0.0081135902636917,0.04462474645030423,0.02758620689655178,0.05922920892494954,0.04178498985801249,0.04746450304259664,0.034482758620689946,0.042596348884381685,0.048681541582150434,0.06531440162271829,0.06693711967545646,0.06734279918864106,0.07951318458417855,0.05557809330628816,0.07707910750507119,-0.026369168356997763,-0.0231237322515212,0.014604462474645308,0.018661257606491066,0.014604462474645308,0
ALB,0.1579831932773108,0.24579831932773089,0.34402877902429974,0.2963891140212427,0.23219492638160566,0.27478421410553366,0.0535716593048674,0.15277957430555933,0.26440435702880905,0.147441912518967,0.06057571139517193,-0.01166289299589951,0.0061099796334012,0.024439918533604832,0.01547861507128312,0.008146639511201759,0.01955193482688422,-0.0020366598778001066,-0.016293279022403073,0.0020366598778007727,-0.01832993890020318,0.0012219959266805969,0.0044806517311613,0.007331975560081805,0.005295315682281476,0.0020366598778009948,0.027291242362526003,0.04521384928716987,0.05702647657841231,0.045213849287170094,0.08553971486761824,0.07535641547861638,0
LNT,0.0417103303733936,-0.019056915795003015,-0.04440553848239137,-0.10040839489721143,-0.3251290216239672,-0.2652217026889696,-0.3216083785499002,-0.43543545627691294,-0.42011900093987853,-0.4165938456245548,-0.4344106541331283,-0.4463549253411393,0.0165443203960833,0.001838257821786815,-0.012255052145246914,0.00980404171619731,0.004902020858098544,0.017157073003345236,0.03370139339942879,0.03186313557764153,0.012867804752509038,0.025735609505018076,0.034314146006690915,0.04350543511562632,0.03982891947205225,0.03553965122121583,0.053309476831823854,0.054534982046348546,0.05698599247539793,0.06004975551170988,0.08762362283851521,0.07230480765695657,0
MTD,-0.0619689119170985,-0.20713793500137245,-0.1595868854708159,-0.2352904360145357,-0.4099271197345684,-0.38668936917559227,-0.4323219508211249,-0.3488334901222784,-0.20480668439589966,-0.3072310408079494,-0.3452527790333736,-0.3608776718514721,0.0110552763819093,0.028475711892797184,0.035175879396984744,0.021775544388609624,0.038525963149078635,0.04355108877721947,0.07202680067001688,0.09581239530988284,0.10385259631490795,0.102177554438861,0.16415410385259643,0.12897822445561147,0.13902847571189292,0.15008375209380254,0.15376884422110582,0.13634840871021825,0.11725293132328352,0.1122278056951429,0.14907872696817437,0.16582914572864338,0
COO,-0.0306748466257669,0.08042551269893505,0.019473205473089505,-0.043672814622933265,-0.10484512925259637,-0.07425200311632152,0.07052356467826248,0.07764005561154619,0.14248955150667597,0.004748280446293052,0.019073404444735154,0.1474450542294401,0.0099502487562188,0.014593698175787706,0.014925373134328401,0.026533996683250516,-0.007628524046434215,-0.015588723051409237,-0.007296849087893409,-0.011608623548921448,-0.04079601990049675,-0.025538971807627764,-0.015588723051408793,-0.0537313432835812,-0.06467661691542193,-0.09850746268656618,-0.08789386401326604,-0.05140961857379667,-0.08457711442785976,-0.06600331674958448,-0.06965174129353147,-0.06467661691542204,0
MAA,0.0194931773879143,0.04249512670565303,0.014045726986209095,0.04530725228828891,0.004353050239680689,-0.017099150833399968,-0.02453943614581644,-0.07916522772165069,-0.030495313753450493,-0.05182441685087458,-0.08191298295568805,-0.10644641472639205,0.0126582278481013,0.014345991561181437,0.01223628691983114,0.012658227848101111,0.02320675105485215,0.020675105485232104,0.01603375527426154,0.016877637130801704,0.018987341772152,0.03333333333333344,0.040084388185654074,0.054852320675105704,0.0666666666666671,0.04556962025316502,0.06751054852320726,0.075949367088608,0.0780590717299583,0.08438818565400896,0.0970464135021103,0.07341772151898796,0
IDXX,0.0224761904761905,0.07892263448543568,0.19251330009582968,-0.024272905790880484,0.10448984154863572,0.08362932514839172,0.14653539674162142,0.2759829415350301,0.15632491749527633,0.19827361324037307,0.2517873412909388,0.32022465905315656,-0.0159045725646124,-0.051121840386254,-0.04487361545015611,-0.028685032661175724,-0.022152797500710086,-0.013916500994035963,-0.024424879295654622,-0.0406134620846349,-0.05566600397614285,-0.05396194262993437,-0.04373757455268368,-0.049985799488781235,-0.06276625958534476,-0.0056802044873612845,0.034649247372905645,0.0224368077250785,0.03209315535359325,0.02527690996875931,0.0224368077250785,0.06617438227776251,0
INCY,0.0867579908675799,-0.2514863166927154,-0.3166674461335113,-0.3195688718518871,-0.41092745688995547,-0.3961266392238739,-0.5406602632784877,-0.5088445239384696,-0.46915519253955806,-0.5582751237190484,-0.5902296892372448,-0.683060949570226,0.0033444816053511,2.220446049250313e-16,0.08026755852842826,0.023411371237458622,0.03344481605351213,0.020066889632107676,0.046822742474917245,-0.056856187290969196,-0.0969899665551831,-0.10033444816053427,-0.08361204013377821,-0.07692307692307598,-0.08695652173912949,-0.06354515050167131,-0.003344481605350169,0.03678929765886396,0.04013377926421513,0.07357859531772704,0.1304347826086969,0.12709030100334573,0
PBI,0.0258868648130392,0.01028858499716856,-0.017308371600141204,-0.042146957544972,-0.06539232785223692,-0.12906097389829274,-0.25197377730025206,-0.18119804986699706,-0.13848855917451552,-0.22487703423249783,-0.233591573805089,-0.2680209984895372,0.0175548589341694,0.03072100313479642,0.036050156739811934,0.054858934169278895,0.04137931034482767,0.037617554858934366,0.024137931034482918,0.04858934169279028,0.0391849529780568,0.05956112852664597,0.06990595611285322,0.04420062695924831,0.04388714733542365,0.05642633228840199,0.09655172413793167,0.09843260188087855,0.09090909090909172,0.07868338557993804,0.09905956112852743,0.10282131661442073,0
REG,0.0254416961130741,0.03886925795052987,0.03288863574085865,0.04025638755830352,0.0995998727545826,0.10481949240373423,0.07872139415797674,0.08776873488317283,0.08042603368338286,0.1413695302035083,0.11600576286565256,0.1321950612232119,0.0166919575113808,0.015174506828528278,0.012139605462822667,0.0030349013657058332,0.004552352048558861,0.016691957511381306,0.021244309559939722,0.017602427921093122,0.016691957511381306,0.02579666160849814,0.023672230652504123,0.02822458270106276,0.02883156297420375,0.03702579666160899,0.046737481031867034,0.031866464339909584,0.030349013657057,0.023975720789075394,0.016691957511381972,0.01365705614567636,0
DISH,0.0809142497115829,0.041474799779790406,-0.03442545523043361,-0.2891315349589433,-0.3685007843954303,-0.3022545326137632,-0.3172470320896298,-0.20358193496959198,-0.1868470462380839,-0.11703369892003346,0.022440549740776694,0.04061969999743775,0.0079415208281981,0.03142331156026623,0.016229664776928887,0.02520720359871853,0.003797448853833263,0.02520720359871853,-0.002072035987182308,-0.010013556815380631,-0.032802101306383724,-0.017265682770519764,0.0010360179935917646,-0.023481790732067687,-0.009320310574315815,-0.017265682770519764,0.02037373675129439,0.02624322159230985,-0.005869484841015127,-0.014500400542272196,0.02037373675129439,0.02520720359871853,0
SNPS,0.1622418879056046,-0.03605935717187303,0.07831372863718622,0.16803113570363992,-0.08671496025512448,-0.06946282255038072,-0.15856853947136806,-0.17018809846251381,0.1260666111176243,0.00227529610565802,-0.1592627830714577,-0.12021391566984974,0.01916783543712,0.048153342683497025,0.016830294530154388,0.07526881720430123,0.0869565217391306,0.07830762038335681,0.03950444132772324,0.04721832632071066,0.03716690042075754,0.07760635811126737,0.0846189808321649,0.07807386629266033,0.10799438990182342,0.09700794763908394,0.12833099579242657,0.13440860215053774,0.13066853669939227,0.10238429172510521,0.12108461898083234,0.13323983169705467,0
RJF,0.081516587677725,0.05655608214849961,0.0521589997614369,-0.09638109432253061,-0.14420493612718766,-0.10946786711390011,-0.13750608811353415,-0.0027314576266572743,0.01924603500309674,-0.06946611989532081,-0.20186296862868047,-0.2031139671104537,0.0415864458991146,0.08009241432422032,0.05467847516365043,0.07816711590296488,0.056988833269156824,0.05429341547939903,0.037735849056603765,0.04543704274162508,0.044281863688872436,0.07778205621871437,0.0962649210627653,0.08586830958798641,0.08240277242972693,0.07123604158644636,0.11898344243357784,0.11859838274932666,0.10165575664228022,0.09587986137851412,0.11089718906430623,0.09472468232576148,0
ARE,0.0812121212121212,0.10170332083375588,0.12098915577176461,0.19459189947686562,0.04472315489312417,0.06360806939640673,0.023376461788434,0.012527948059227967,-0.0047948192449177585,0.03860217295851309,0.005765804492611659,0.009409883494396531,0.0131264916467781,0.02028639618138417,0.01670644391408116,0.018615751789976098,0.023866348448687402,0.01670644391408138,0.012649164677804636,0.00954653937947536,0.0023866348448693397,0.021479713603819173,0.027684964200478168,0.02386634844868829,0.026252983293556964,0.025059665871122627,0.02386634844868829,0.015513126491647933,0.020286396181385502,0.0195704057279249,0.01145584725537141,0.020286396181385502,0
URBN,-0.0184951660361495,0.28878446283399195,0.2665197478614445,0.4682325758180086,-0.023417508906866447,0.11039616576202138,0.04703116717234068,0.03881407003220261,0.14217650247920366,0.01207143471559502,-0.11986314297344425,-0.18845637099304913,0.0305851063829787,0.06737588652482263,0.08953900709219842,0.092641843971631,0.09707446808510634,0.10815602836879434,0.10017730496453914,0.17464539007092217,0.12455673758865271,0.13031914893617036,0.15248226950354615,0.11790780141843982,0.14140070921985837,0.17420212765957466,0.22783687943262443,0.21276595744680904,0.23847517730496537,0.26374113475177374,0.32313829787234116,0.3191489361702138,0
DXC,0.0681977022913551,-0.043742826389674416,0.009986521032335549,0.019154972236766543,-0.21111533127413673,-0.19849050111382682,-0.3947303604506678,-0.2977275062925112,-0.229488638150656,-0.2480393723026939,-0.34163296424881284,-0.32478717087696174,-0.0230411249936768,-0.08633045003119355,-0.07035425835061637,-0.07373497226297065,-0.08448412497681568,-0.09707960274503857,-0.1013792638305766,-0.09677609725664771,-0.0998448749726003,-0.0697388166658236,-0.04147065270541417,-0.03348677221913088,-0.0267253443944222,-0.03379027770752174,-0.010749152713844579,-0.004603166573928452,-0.02211374711248204,-0.03932082216264465,-0.0030687777159520424,-0.006145986139915238,0
SWN,0.1132743362831858,0.2753500749783513,0.2391636714668548,0.3378035657129723,-0.04882959119815,0.00841677599825763,0.06616751647392882,-0.0013564262360865609,-0.023548505653062324,0.015474079043817923,0.038432623439591085,0.04738462881407024,0.0387832699619772,0.018250950570342317,0.011406844106464087,0.015209125475285301,-0.0022813688212925953,-0.011406844106463643,-0.0076045627376423175,-0.011406844106463643,0.006083650190114254,-0.003802281368820992,-0.008365019011406516,0.016730038022814142,0.011406844106464531,0.04182509505703491,0.060836501901141204,0.04942965779467756,0.022813688212928396,0.026615969581749832,0.012167300380228951,0.024334600760457237,0
IT,0.1569506726457399,0.041255605381165905,0.017288085052699298,-0.1034372025277257,-0.2836740535659664,-0.14675605620958787,-0.25765027446806255,-0.2713131528520859,-0.10786084002066165,-0.16842145169099165,-0.22801050274628953,-0.3497165569738594,0.0324858757062145,0.05225988700564965,0.024011299435028333,0.03672316384180796,0.04096045197740117,0.03813559322033888,0.009887005649717562,0.035310734463276816,0.02259887005649719,0.07485875706214706,0.09463276836158219,0.07768361581920935,0.07485875706214729,0.10875706214689296,0.10593220338983089,0.11581920903954845,0.12005649717514166,0.09322033898305149,0.12711864406779738,0.12288135593220417,0
TGNA,0.0006571499713778,-0.03616121737032196,-0.0026082903286851478,-0.0014242551160482675,-0.058631541947481214,-0.005612896756286068,-0.041211833173767864,0.008600227552004958,-0.05691903278942123,-0.05560434077080911,-0.04429336744661727,-0.047986198097300425,0.0090680240117291,0.017568950731693844,0.016719687958173024,0.02876428116960361,0.01955517441699617,0.03443248775899743,0.0035409001632134007,0.033016127693712205,0.028623198428725516,0.05781349414921566,0.062065340673324254,0.04180198622368536,0.052004204818943967,0.05143710752717956,0.07807684859885522,0.07127444742593192,0.0670253672300758,0.06093114608979522,0.07637832305181336,0.0712744474259317,0
ALGN,0.2470588235294117,-0.10090328266137905,-0.09620826063872301,-0.08215968437922128,-0.44976409650284943,-0.29757118702491425,-0.34305047627177576,-0.584714051071801,-0.2619422986870126,-0.4161096523423615,-0.3468345263490824,-0.06775473306187219,-0.029363784665579,0.12398042414355626,0.1174551386623166,0.10766721044045702,0.10929853181076687,0.08156606851549775,0.10440456769983708,0.08646003262642776,0.07667210440456795,0.10766721044045702,0.13050570962479635,0.09787928221859743,0.09298531810766764,0.0032626427406203806,0.011419249592170111,0.05872756933115886,-0.004893964110929239,0.011256117455139325,0.03915171288743946,0.17781402936378532,0
R,0.0587813620071684,0.02481363230454936,0.07139607013657434,-0.021108953119736817,-0.05400374088417681,-0.055449113319800625,-0.09917162949742264,-0.15959304459210766,-0.15739494444718738,-0.1936862496117221,-0.17985332748316474,-0.17402893921850904,0.0321782178217822,0.038613861386138426,0.01831683168316811,0.03465346534653424,0.02574257425742532,0.009900990099009466,-0.002970297029703306,0.018811881188118385,0.008910891089108475,0.019801980198019375,0.10396039603960339,0.08415841584158357,0.06435643564356397,0.05198019801980158,0.17574257425742523,0.1782178217821777,0.19356435643564307,0.17772277227722721,0.21039603960395992,0.22029702970296983,0
RE,-0.0501369863013698,-0.07200433625702152,-0.14304117246389536,-0.23541944824358063,-0.2484598705805393,-0.26407452548265986,-0.2396822687001643,-0.20156317158341241,-0.20018179298753602,-0.2414689273231133,-0.3089699776533851,-0.2691423411901519,0.0139616055846423,0.01797556719022686,0.030541012216404928,0.06457242582897038,0.01919720767888311,0.02443280977312412,0.03228621291448541,0.033158813263525655,0.03577661431064616,0.05078534031413651,0.04921465968586425,0.04851657940663201,0.06073298429319407,0.19546247818499163,0.2513089005235607,0.221640488656196,0.20418848167539316,0.19546247818499163,0.22338568935427605,0.2191972076788835,0
ANSS,0.2147019273868222,0.15664298537580157,0.20474279083060565,-0.09644290687704582,-0.043643584870369234,-0.055055952592679924,-0.20887337527560124,-0.10782037718076998,-0.05067664100846392,-0.09331764294898193,-0.15692073366748605,0.08278720908435311,0.0134736842105263,0.047157894736842065,0.037473684210526326,0.027368421052631486,0.04951578947368418,0.03747368421052655,0.053052631578947684,0.05726315789473713,0.04631578947368453,0.04884210526315802,0.09094736842105267,0.10568421052631605,0.08336842105263198,0.08042105263157939,0.08294736842105288,0.10105263157894773,0.12294736842105314,0.0884210526315794,0.1069473684210529,0.09473684210526345,0
BKR,0.0595570896279122,0.051465198054950756,0.0331417579345934,-0.06029063633225218,-0.2437204911269688,-0.20619450771589998,-0.15122366520031594,-0.1523922709059895,-0.04472556960011087,-0.06647788872553695,-0.13613478754563824,-0.11472876303150792,0.0192405665992143,0.01326984882752047,0.001661706939650065,-0.002318771574812417,-0.0059659564337579685,-0.015588620402332998,-0.008951315319604802,-0.024873229377454842,-0.011608141887870294,-0.03548625163670971,-0.07097726461135556,-0.10115938578740591,-0.07794310201166488,-0.07960004761337902,-0.04311391501011741,-0.03813831686703917,-0.03980002380668923,-0.054722056897987814,-0.06367813355552865,-0.072300916557552,0
BBBY,-0.0014792899408283,0.10824170776050801,0.023772975388780537,0.11732770651164204,-0.07014338518494212,-0.0426717061345292,-0.01918268225233144,0.0658836067217996,0.05343311444955057,0.011541864347691444,-0.02736359197337368,-0.04157748520132032,0.0054897428488875,0.052585957815660445,0.05460849465472428,0.06905518636232322,0.053163825483964366,0.07425599537705874,0.04796301646922885,0.08147934123085832,0.08061253972840232,0.11528459982664008,0.13666570355388674,0.10112684195319321,0.14562265241259809,0.13059809303669523,0.12713088702687148,0.1147067321583366,0.11383993065588083,0.10430511412886556,0.141288644900319,0.1551574689396138,0
MUR,0.1117551224173192,0.08980881812788288,0.0849966456188267,-0.01634960484952197,-0.009681499656216896,0.019971696617322232,-0.011115346602517784,0.0025183823276031525,0.02413776426448977,0.016430164000927228,-0.0013213083333997178,0.018079188637735166,0.0158452043404475,0.009279975659080453,-0.007244571161780344,-0.0013586849608259177,-0.02218223689905041,-0.031236639379306208,-0.028519269457653595,-0.009959318139493134,-0.017655035658922458,-0.009054402480255352,-0.014940288681209557,-0.014940288681209557,0.0022636006200642544,0.0009049156592380037,0.004978347597777155,-0.01675011999968501,-0.0199186362789866,-0.03123663937930632,-0.03915793007756019,-0.07197882759651753,0
RMD,0.1085635359116021,0.025138121546961267,-0.2204974671339589,-0.16359947203424796,-0.2234651262619335,-0.110202581142127,-0.1656325842840929,-0.021646262891451884,-0.03767998119307914,-0.09343226579576058,-0.022675759711527355,-0.07952760457388541,0.0141021623315575,0.010654967094954726,0.005954246317769085,0.024757129426512536,0.0388592917580699,0.06549670949545638,0.058288937637104965,0.06737699780633077,0.04199310560952729,0.047320589157004544,0.061109370103416216,0.05734879348166766,0.06549670949545638,0.06863052334691355,0.12033845189595782,0.12503917267314368,0.15481040426198733,0.13851457223440966,0.15794421811344472,0.12660607959887238,0
MGM,0.0531976744186046,0.17722401525353493,0.10098196364530354,-0.00911623271922668,0.024547469861951665,0.03859439318482338,0.11097134688253263,-0.08594685481357744,-0.0027975041869414685,-0.03866180447495493,-0.23906160958440548,-0.25590681059360554,-0.0272108843537414,0.005102040816326481,0.010204081632652962,0.020408163265306145,0.020408163265306145,0.027210884353741527,0.005102040816326703,-0.01020408163265285,-0.0027210884353739972,0.02619047619047632,0.022108843537415268,-0.09115646258503374,-0.04591836734693833,-0.05102040816326492,-0.03571428571428514,-0.059183673469387243,-0.06462585034013557,-0.07346938775510148,-0.06122448979591766,-0.03877551020408099,0
AOS,0.1089324618736382,0.3524627280105943,0.3171042253175067,0.3803499957071652,0.2719571274545194,0.3471685054257432,0.25859726904009306,-0.03596804924588615,0.16567384244996086,0.1800918472478803,0.12100099086156457,0.10134929666200998,0.0093283582089553,0.026492537313432818,0.020522388059701635,0.014925373134328401,0.015671641791044744,0.01977611940298507,0.01679104477611948,0.01679104477611948,0.01977611940298507,0.07649253731343286,0.09291044776119417,0.08208955223880587,0.0817164179104477,0.08395522388059695,0.10074626865671643,0.08955223880596996,0.10858208955223869,0.1171641791044773,0.10074626865671621,0.11380597014925375,0
PKG,0.0318039624608967,0.029718456725756015,0.0527172445917119,0.04171870621538054,-0.0028888958139935417,-0.011290042558056768,-0.07420794894072558,-0.08212972918367445,-0.05248685999929492,-0.035028493935630456,-0.09594568956986149,-0.07062354857450015,-0.0016657412548585,0.026651860077734346,0.010549694614103045,0.013325930038867062,0.0049972237645750095,-0.0005552470849531366,-0.014436424208773224,0.00222098833981077,-0.0011104941699061621,0.03275957801221496,0.017212659633536465,0.01332593003886684,0.03275957801221496,0.016102165463630858,0.02942809550249792,0.0260966129927811,0.01998889505830026,0.03275957801221474,0.04719600222098763,0.04108828428650679,0
DRE,0.0855954342147014,0.09685781550863126,0.12683947149244945,0.20822084982627143,0.08402724460594224,0.1042353296391465,0.041622163698481485,0.024755174943683844,0.060823482571130905,0.07690651049219621,0.05790057108931168,0.09634985077060909,0.0338279230328641,0.027879688540070058,0.024164460750166095,0.02044536293131438,0.0271366429820894,0.018587749036362622,0.022302976826266363,0.018587749036362622,0.008177371166736114,0.020445362931314603,0.02862273409805094,0.035317884177773484,0.033456400253873975,0.044238300902490924,0.05018653539528484,0.04944348983730418,0.03754702085171613,0.02527902908713764,0.030484218021951115,0.030484218021951115,0
AN,0.1184,0.2948191027496383,0.39174879228797677,0.15448269383155955,0.07037605084451792,0.06714228634045605,-0.06513466626296183,-0.1419618346929088,0.005526207017047202,0.014410374307961105,-0.031181103189025894,0.07709865586631826,0.0023437499999998,0.02109374999999991,0.026562500000000044,0.02890624999999991,0.01718749999999991,0.024218749999999956,0.021093750000000133,0.03515625000000022,0.028906250000000133,0.03906250000000022,0.03906250000000022,0.04453124999999991,0.07578124999999991,0.06640625000000022,0.11328125000000022,0.1101562500000004,0.07421875000000044,0.058593750000000444,0.09687500000000049,0.07031250000000044,0
CDNS,0.066509433962264,-0.035668291057519896,-0.09044913250577047,-0.23034330792614266,-0.4055691180943224,-0.3355200017203753,-0.48414033721345173,-0.49017966985095274,-0.2721179048763108,-0.40487309975670627,-0.5038942142509686,-0.44986803444165,-0.0109999999999998,0.00800000000000023,0.019000000000000128,0.020000000000000018,0.03499999999999992,0.014999999999999902,-0.01200000000000001,0.0,-0.019999999999999907,-0.029999999999999916,2.220446049250313e-16,0.050000000000000266,0.050000000000000266,0.060000000000000275,0.0920000000000003,0.10000000000000031,0.10000000000000031,0.0750000000000004,0.09800000000000053,0.11700000000000044,0
NKTR,-0.1821705426356589,-0.3910026663042422,-0.4187564510429811,-0.24952363542828437,-0.41000285804110403,-0.48473582935589754,-0.602645973926603,-0.49657936138908265,-0.27504251884579245,-0.3667398434890814,-0.5412973402776288,-0.5788275578912774,0.0079365079365079,0.00952380952380949,0.0698412698412696,0.025396825396825085,0.04285714285714248,0.09047619047618993,0.07936507936507886,0.07142857142857117,0.03968253968253954,0.07619047619047614,0.11904761904761885,0.16349206349206336,0.1587301587301586,0.1587301587301586,0.26984126984126955,0.32539682539682513,0.26984126984126955,0.27619047619047565,0.30793650793650773,0.27142857142857113,0
ABMD,0.1212121212121211,-0.2912807060688035,-0.2644428085426571,-0.15145722090247482,-0.3223940654251366,-0.46036812450146625,-0.6640027945009128,-0.6308763094517071,-0.5007753365535382,-0.6365644450109759,-0.524299011794471,-0.6588965782247176,-0.0102564102564102,0.023076923076923217,-0.012820512820512664,-0.012820512820512664,-0.03076923076923077,-0.06153846153846143,-0.07948717948717954,-0.06410256410256421,-0.08205128205128209,-0.12564102564102564,-0.1282051282051283,-0.14615384615384608,-0.14102564102564086,-0.1794871794871793,-0.11282051282051275,-0.10512820512820509,-0.14358974358974352,-0.1205128205128203,-0.20512820512820484,-0.06923076923076898,0
EVRG,0.0058651026392959,0.02592340967139939,-0.001214299842622668,-0.09012697344713694,-0.30755117719483405,-0.2846845352901757,-0.41015790369009564,-0.37256992696446445,-0.31102202456193107,-0.4170186361677878,-0.3526296497146778,-0.2803784945489053,0.0370370370370369,0.06995884773662553,0.057613168724279795,0.06666666666666687,0.049382716049382935,0.05267489711934181,0.049382716049382935,0.05267489711934181,0.03456790123456832,0.06584362139917732,0.06995884773662597,0.060082304526749564,0.06831275720164665,0.08806584362139969,0.10699588477366295,0.12757201646090577,0.14156378600823083,0.11604938271605003,0.15226337448559724,0.14897119341563858,0
HFC,-0.0085486635949948,-0.09203889251401642,-0.22470762103608488,-0.13142345362789343,-0.1272739298629494,-0.1000029875916012,-0.10631399693279708,-0.07056655681010915,0.15022909326721567,0.15022909326721567,0.11188906973833546,0.19330056676868956,0.0293344650182783,0.04469783267442473,0.033522443843857275,0.04330183973256485,0.030730457960137958,-0.0041842561777338805,0.005587694415283728,0.012571381772427115,0.005587694415283728,-0.011167943534877378,-0.0027919858837192058,0.001399715589704753,0.005587694415283728,-0.0013959929418595474,-0.0041842561777338805,-0.00837595765115795,-0.0027919858837190947,-0.0027919858837190947,0.0027957085315646335,-0.0041842561777337695,0
CPRT,0.0369942196531791,-0.1034078067155938,-0.04838438400111145,-0.05767410325430378,-0.22826758456171414,-0.1835883394573924,-0.3650131529113052,-0.37612249922317,-0.3048222134201036,-0.3191972710416895,-0.4123717839050016,-0.5587138107978906,0.0025839793281652,-0.01033591731266148,-0.00387596899224818,0.03746770025839763,0.05813953488372081,0.05943152454780343,0.07105943152454763,0.06330749354005172,0.03359173126614978,0.0917312661498706,0.05943152454780343,0.012919896640826822,0.05167958656330773,0.016795865633075335,0.03359173126615023,0.024547803617571473,0.03359173126615023,0.04263565891472898,0.06847545219638262,0.07622739018087898,0
ROL,0.0497565537360618,0.007365458589851714,0.039696204234001664,0.011837488795266582,0.016822436668264107,-0.010079889729067149,-0.023667834945614086,0.19082700609336678,0.1624201744355176,0.24824887093586434,0.428170488295438,0.5424720274278563,-0.0025648083821611,-0.011972018683340302,-0.029082392830770964,-0.03550096781099943,-0.06886095417862836,-0.045768940039411565,-0.03763757990448613,-0.002564808382161221,-0.0055578130529959635,0.011976388033224428,0.014117369476595476,-0.022668187200426404,0.0017127851546967499,-0.002564808382160888,0.04405615488471448,0.0213879676842883,0.01881878995224362,0.015401958342618594,0.03807014554304544,0.021387967684288522,0
EQT,0.0651747418362929,0.10006127347645455,0.10067315775465469,0.04232370809244146,0.037473901823139144,0.06349007034386367,0.05252106261943079,0.08765636040212543,0.07908501181952543,0.068109196818948,0.12882688202297454,0.10388833307043277,0.0071906878389755,0.004527832710042423,-0.006128482759971021,0.0031964051455759535,-0.011459087972118254,0.004527832710042645,0.01252129305112315,0.017851898263270494,0.01518414818005609,0.012521293051122928,0.016784798229984688,0.0021293051122905915,0.01891410334227528,0.03836665165547415,0.038635874140936055,0.01891410334227528,0.014650598163413742,0.009589215436728526,0.014650598163413742,-0.001600650049928043,0
JKHY,0.0268518518518516,0.07680680680680685,-0.09083976191760623,-0.2332549583832666,-0.3487231104838818,-0.2503816322093907,-0.42835850848851076,-0.5276605392888586,-0.3965584448788765,-0.4524916108772926,-0.4439297512943039,-0.4792501742576949,0.0379506641366225,0.054079696394687016,0.059772296015180304,0.05692599620493377,0.041745730550284854,0.04648956356736256,0.039848197343453906,0.039848197343453906,0.03225806451612945,0.030360531309298278,0.05502846299810282,0.14041745730550326,0.17836812144212555,0.1869070208728656,0.20018975332068356,0.25996204933586387,0.2049335863377615,0.24098671726755283,0.25711574952561733,0.22485768500948833,0
SRCL,-0.0382628747117601,0.035162704346745954,0.04750239221313102,0.059803414619473916,-0.010350474778250907,-0.06715088785657175,0.017762685233357667,-0.010467228663625927,0.01135712908455977,-0.01749977549868098,0.036641737495320736,0.09115320140995897,0.0156002115282918,0.05764145954521416,0.06160761501850853,0.049709148598624964,-0.01692226335272362,-0.021681649920676893,-0.029613960867265865,0.0029085140137494747,-0.01163405605499701,0.005817028027498949,-0.005817028027498172,-0.023003701745107796,-0.0190375462718132,-0.04151242728714899,-0.024325753569539255,-0.0031729243786348116,-0.022210470650448677,-0.02829190904283352,0.012956107879430023,0.03648863035431105,0
PCG,0.1087058823529412,0.10588235294117676,0.016088486676722358,-0.16231230291951304,-0.34215485935487167,-0.32122342306161766,-0.32955927576086097,-0.35282189875492365,-0.18378725313292188,-0.17787266801069668,-0.1896173441819724,-0.25073394766643553,0.0223048327137547,0.029739776951672958,0.028996282527881112,0.03345724907063219,0.020074349442379402,0.012639405204461163,0.047583643122677044,0.07063197026022361,0.06468401486988906,0.08550185873606009,0.09591078066914571,0.07657992565055838,0.08252788104089315,0.08996282527881139,0.10557620817843949,0.09293680297397855,0.141263940520447,0.1189591078066925,0.137546468401488,0.10483271375464764,0
TFX,0.1044444444444445,0.14161616161616175,0.16286965398667563,0.1608384406172665,0.005190745174727063,-0.009754045944978751,-0.06667885471819945,-0.13894522108899898,-0.09175279570637673,-0.11727345134481071,-0.15840187885517065,-0.24066334934301092,0.0083798882681564,0.021787709497206764,0.02150837988826826,0.025977653631285014,0.036312849162011496,0.02234636871508422,0.008379888268156943,0.012569832402235193,-0.011173184357541222,6.661338147750939e-16,0.00810055865921866,0.0055865921787716655,0.010614525139665432,0.00530726256983316,0.03407821229050345,0.03351955307262644,0.041620111731844434,0.03687150837988917,0.06424581005586694,0.07569832402234744,0
ATO,0.0559284116331095,0.07160164929517876,0.03363327072490385,0.04975580007763214,-0.04872875259489606,-0.04247626552274997,-0.04247626552274997,-0.01562980567759331,-0.004469145878019498,0.03641872848770489,-0.01419195252124883,-0.06348235489518628,0.0116822429906542,0.011682242990654235,-0.0009345794392521256,0.014018691588785215,0.00467289719626196,0.02056074766355165,0.006074766355140371,0.02056074766355165,0.006542056074766656,0.002336448598131202,0.022429906542056344,0.02336448598130869,0.02336448598130869,0.02803738317757065,0.04813084112149579,0.039719626168224886,0.04813084112149579,0.06775700934579487,0.06542056074766389,0.06074766355140215,0
WAB,0.0608634111818824,0.08499007070040032,-0.011677927619980988,0.027999235869727856,-0.09114696531941369,-0.06428789001335788,0.02448106598848554,0.03833525833993123,0.08062382158868475,0.05949430552410151,-0.09186202383648445,-0.1744200216695313,0.003448275862069,0.0017241379310344307,0.028448275862068995,0.042241379310344884,0.04913793103448283,0.03879310344827602,0.01551724137931032,0.020689655172413612,-0.0008620689655174374,-0.0181034482758623,-0.008620689655172709,-0.008620689655172709,0.05603448275862055,0.030172413793103203,0.030172413793103203,0.04224137931034444,0.044827586206896086,0.035344827586206495,0.07586206896551695,0.0672413793103448,0
GT,-0.0529629629629629,-0.11277582846003875,-0.1251482752966283,-0.25326296673357285,-0.309119689115836,-0.4585100403968755,-0.6364164848284156,-0.711892527040374,-0.6651614136548212,-0.725270991203534,-0.7889762686056131,-0.8410367371793696,0.0425531914893617,0.04835589941972929,0.11025145067698272,0.13926499032882012,0.0754352030947778,0.03288201160541626,-0.0038684719535776457,-0.05222437137330682,-0.08704061895551196,-0.0715667311411986,-0.02901353965183684,-0.061895551257252546,-0.0483558994197284,0.009671179883946834,0.11218568665377293,0.1566731141199238,0.10251450676982699,0.07350096711798937,0.12572533849129708,0.06382978723404364,0
FLR,0.077675033025099,0.0919418758256274,-0.02245203497515258,0.009960032830711008,-0.16658825054329485,-0.2818638943933811,-0.3535452515275961,-0.3772442036100875,-0.2749059899358216,-0.267052986216715,-0.22150556464589666,-0.26326188702493003,0.0462717359269082,0.06542882404951356,0.06100795755968158,0.05363984674329503,0.04921898025346305,0.030356616563513183,0.02092543471853836,0.07574417919245535,0.03153551429413537,0.061007957559682024,0.0669024462127914,0.055408193339228085,0.03153551429413537,0.013852048334807243,0.05069260241674067,0.04656646035956413,0.028588269967580793,-0.006778661951075238,0.049218980253463496,0.013852048334807243,0
MAT,0.1026455026455026,0.10478656187394031,0.1502777732452203,0.15246461311830983,0.03178769027869621,0.08073503084178246,0.022808087517630415,0.028972958182120312,0.16707493936827955,0.06578374291380795,0.11600391928147435,0.13300969328957302,0.0137228862328462,0.0004426737494465094,0.007082779991146371,0.013722886232846232,0.009296148738379806,0.022133687472332797,-0.003984063745020028,-0.013722886232846343,-0.015050907481186204,-0.003984063745019695,0.003984063745020139,-0.021691013722885844,-0.07038512616201831,-0.05931828242585191,-0.04161133244798565,-0.028331119964585927,-0.038512616201858973,-0.05489154493138515,-0.051792828685258585,-0.04382470119521875,0
IEX,0.029207069779862,-0.0024179904502459326,0.04155232418382249,-0.07936604105986544,-0.14343606227630135,-0.14343606227630135,-0.21240211867237113,-0.17129834906031327,-0.06218669243096553,-0.09936849944584902,-0.19686746006265576,-0.23705133502953513,0.0086355189256031,0.039377966300750966,0.032814971917292324,0.04490469841313671,0.057685266423029846,0.04386843614206448,0.04145049084289587,0.046977222955281395,0.027633660561930506,0.01899814163632696,0.07081125518994646,0.11847931965927683,0.12262436874356619,0.1243514725286865,0.12089726495844566,0.11813389890225245,0.09119107985437003,0.08773687228412874,0.10362622710723812,0.10328080635021442,0
JEF,0.1277586296482322,0.15145074633570443,0.08628615164192222,0.002676456295577223,0.06789638584117519,0.09992116106309745,0.08241060103790931,0.1906513125852778,0.2523997348474134,0.17848718721418,0.10402315606327295,0.06079715324181789,0.0209202457746007,0.0292883440844407,0.00892556313136006,0.03207873118556237,0.012552147464760521,0.012552147464760521,0.0083680983098402,0.02092024577460072,0.012552147464760521,0.02649795698331947,0.02426809769724203,0.01394580951855895,0.014503274340078587,0.016736196619681065,0.05216277972788408,0.044630878650323114,0.03821390721580098,0.029288344084441365,0.047418202757920636,0.04853619539448384,0
WRB,0.0546781987184985,0.11009027945349747,0.07490912987229614,0.0011857789311482403,-0.03934990186966847,-0.089399442670276,-0.07580658170373189,0.009815738777116945,0.07601112887712125,0.0768266313020256,0.06595052007084679,0.10261359083962596,0.0151678866923352,-0.006533858882852295,-0.014003662613442214,0.010500844633155149,-0.014003662613442103,-0.012836902098646852,-0.022170986217007305,-0.017037239951908867,-0.018670704672621996,0.0011667605147951399,-0.004200337853262015,0.01050084463315537,0.04667549346360489,0.044572788101072014,0.08751464791733277,0.09451521100610272,0.09124828156467713,0.07958067641672684,0.09451521100610294,0.0814474932403988,0
ODFL,0.0748167938931299,0.10178352348901498,0.07096440395086123,0.15458555010461783,0.15074971771224344,0.150674510227915,0.33246551456790807,0.6927749190267749,0.7928970835595044,1.0384253894169144,1.2582056349020654,1.0565536543724,0.0367378335949761,0.06154160125588648,0.04458712715855517,0.04615698587127137,0.08791522762951343,0.03262480376766086,0.05714285714285716,0.048040816326530456,0.04333124018838297,0.0288854003139718,0.053692307692307706,0.04395604395604402,0.051808477237048844,0.04238618524332871,0.06876295133437993,0.03830769230769193,-0.02291679748822606,-0.015695447409733054,-0.010985871271585568,0.00879434850863392,0
STE,0.0150851581508515,0.08882015753226935,0.046752105991249904,-0.05644185162769866,0.028754160725332767,0.12433764117586654,0.23379958773968434,0.31351135885769743,0.13091337828922223,0.20813433583760532,0.1682783577481175,0.2526126765664529,0.0703363914373089,0.037844036697247896,0.007262996941896249,-0.07301223241590193,-0.08256880733944927,-0.0603975535168193,-0.07301223241590171,-0.07110091743119229,-0.08065749235473973,-0.08256880733944927,-0.08639143730886822,-0.17048929663608536,-0.13608562691131454,-0.16284403669724734,-0.18195718654434212,-0.16284403669724723,-0.1685779816513755,-0.1559633027522931,-0.15137614678899025,-0.14908256880733872,0
ZBRA,0.0504957321395622,0.09958464416756208,0.11801146491287229,-0.07050842194287787,-0.03355050631436396,0.04766292632301794,0.01753823579552427,0.18896365099761936,0.23772531891826643,0.10075397472000858,0.06620593547834464,0.19460652664882194,0.0140406930486085,0.002494563131635985,-0.009360462032405925,-0.04836238716743091,-0.07051548064412483,-0.08549221989597411,-0.07207555764952545,-0.06193505711441882,-0.041654056044206134,-0.007332361925384556,0.004680231016203296,0.012480616043208048,0.016380808556710535,0.03915637275855954,0.05179299650230784,0.04009241896180038,0.050700942598526755,0.04524067307962376,0.039015965828073984,0.05101295799960748,0
M,-0.0491154562383612,0.000758752944368446,0.03993525619639393,-0.008753189171744391,-0.044082242173059005,-0.08754460234014416,-0.2517357407491321,-0.2252373437098939,-0.168497746878139,-0.28614911045418734,-0.36170446233738685,-0.374700875512999,0.0117983553807652,0.018948873793350307,0.014658562745799353,0.06042188058634301,0.035395066142295706,0.026814444047193797,0.006077940650697666,0.04755094744369015,0.036825169824812765,0.05577404361816285,0.07186271004647882,0.05005362888809484,0.07043260636396198,0.05648909545942149,0.08830890239542422,0.08652127279227817,0.06649982123704024,0.04755094744369037,0.07794065069717604,0.08687879871290716,0
WST,0.0519930675909878,-0.02625435065958137,-0.005728808211891145,0.11755385444765021,-0.08751151365512266,-0.16622235255357387,-0.2539884207058293,-0.332002703507834,-0.2790644401779022,-0.1419108458702837,-0.33059876097895535,-0.321753607186394,0.0170854271356784,0.0201005025125629,0.03115577889447252,0.02562814070351771,0.05175879396984939,0.041708542713568164,0.02512562814070396,0.020100502512563567,0.005025125628141502,0.015075376884422953,0.013567839195981035,0.01005025125628256,0.04170854271356905,0.05728643216080509,0.09045226130653372,0.11457286432160907,0.11557788944723701,0.12361809045226213,0.14924623115577984,0.1552763819095484,0
BIO,-0.426279602750191,-0.2550888390546836,-0.31739610800331874,-0.29954220688232325,-0.36603259726396165,-0.3591582519330889,-0.4149309034618214,-0.3380298936937921,-0.3863454776086549,-0.4002921712993672,-0.44786327344597143,-0.4328767051537906,0.0279720279720279,0.029370629370629286,0.044755244755244616,0.016783216783216703,0.012587412587412583,0.02657342657342654,0.019580419580419672,0.027972027972028135,0.020979020979021268,0.025174825174825388,0.02237762237762242,0.008391608391608685,0.015384615384615774,0.006993006993007311,0.04755244755244803,0.06853146853146908,0.07692307692307732,0.0895104895104899,0.08251748251748281,0.258741258741259,0
JWN,-0.0380844265052136,-0.07929268861271432,-0.03541052382443299,-0.11006187011735857,-0.24911776087326032,-0.2238206035117446,-0.2701944581203626,-0.18964901914819354,-0.18639478998965553,-0.2525866291371073,-0.29590821678190826,-0.3375785464463982,0.0092545462958677,0.006167494067174761,0.021602755210640145,0.0401184581925873,0.0209879889209863,0.011105455555041832,-0.006174104457385532,0.02592595040885315,0.02160275521064081,0.03888892561327961,0.046292562649973945,0.02530457372898809,0.04196936745176161,0.04259074413162689,0.0561684856257072,0.05246666710736014,0.046292562649973945,0.03950369190293368,0.06172782379343911,0.06172782379343911,0
HOG,0.0624397764501831,0.027348243687868923,0.022873899888433025,-0.006201537857116524,-0.07893747226835679,-0.04256950506273671,-0.08774058482387925,0.01104402232911883,-0.061642890174848364,-0.1259657565741531,-0.21804816508925295,-0.2590360664404864,-0.0121334681496462,-0.007836198179979936,-0.023255813953488413,-0.031850353892821204,-0.02426693629929222,0.009100101112234693,0.03640040444893833,0.055358948432760346,0.04651162790697683,0.07558139534883712,0.10288169868554098,0.061678463094034575,0.04145601617795802,0.043983822042467535,0.08139534883720989,0.08215369059656297,0.08063700707785726,0.06167846309403524,0.11552072800808988,0.12992922143579455,0
TDY,0.0203076923076921,0.03677410455653107,0.22888224745965302,0.2654742746792953,-0.011149498931505297,0.13558315606575522,0.1618135275579784,-0.09740830789178578,-0.06533013625588402,-0.020346025166595005,-0.20832856508955344,-0.20207029287682265,0.0194704049844236,0.02024922118380057,0.02024922118380057,0.024143302180685167,0.028816199376946905,0.028037383177569764,0.01635514018691575,0.007009345794392274,-0.007009345794392718,0.024143302180685167,0.039719626168224,0.05919003115264765,0.046728971962616495,0.06542056074766323,0.10591900311526437,0.1214953271028032,0.08878504672897147,0.07087227414330188,0.10669781931464173,0.08255451713395656,0
TYL,0.3666666666666667,0.31345132743362814,0.26766128115612564,0.2969150030289591,0.21539463140999593,-0.06985104739030912,0.10612307877909188,0.028951701189852797,0.17406027443457583,0.10018681896453496,0.0414389791169143,0.009394702836393876,0.022408963585434,0.022408963585434094,-0.0028011204481793728,0.008403361344537785,0.008403361344537785,0.03361344537815114,0.008403361344537785,0.04481792717086819,0.05042016806722671,0.07282913165266103,0.0672268907563025,0.08403361344537807,0.06442577030812302,0.06162464985994376,0.07002801120448154,0.06442577030812324,0.07002801120448177,0.07002801120448177,0.07282913165266103,0.08683473389355734,0
KSS,0.0424908424908425,0.08980957576702275,0.11280759948981212,0.04328503775579984,-0.02094678669297889,0.04934035406249837,-0.07117340712459208,-0.10663297097963476,0.04429422334291844,-0.16828097087492822,-0.22427202929154033,-0.27746480442583477,0.0162601626016261,0.028632025450689547,0.025097207493814278,0.06309650053022287,0.02156238953693901,0.001237186284906544,-0.0014139271827496858,0.04277129727819062,0.016967126193001558,0.03393425238600267,0.04453870625662826,0.03393425238600245,0.057794273594910184,0.032166843407564816,0.03534817956875247,0.007423117709438154,-0.00035348179568728266,-0.027571580063626477,0.01449275362318847,0.012195121951219523,0
HRB,-0.1198019801980198,-0.2010510281797412,-0.10317977913175946,-0.07615506265470307,-0.029309389009120057,-0.01928159344103253,-0.13445419622810462,-0.09828819785453713,-0.13808944198913742,-0.11156911712726458,-0.1520744042305303,-0.08969723682541975,0.0116959064327486,-0.0210526315789471,-0.05356725146198804,-0.04678362573099393,-0.04678362573099393,-0.047953216374268526,-0.060818713450291884,-0.035087719298244946,-0.04210526315789398,-0.04491228070175368,-0.09356725146198763,-0.12046783625730917,-0.09918128654970693,-0.12233918128654897,-0.09473684210526245,-0.10175438596491171,-0.09590643274853738,-0.10409356725146124,-0.11461988304093484,-0.09380116959064244,0
POOL,0.0449255733002325,0.03318838991355233,-0.04332059062733007,-0.09668692536445922,-0.19257216865867388,-0.12061946571747273,-0.12635669722672627,-0.08795437180454457,-4.926527589566021e-05,-0.0780379520891128,-0.13040843954344628,-0.13951585322190418,0.025000253380947,0.04324368152379954,0.05067618928570217,0.039527427642848334,0.051014030547607225,0.02537187876904201,0.015202856785711205,0.013513650476187689,0.030405713571421522,0.05000050676189338,0.050338348023797774,0.055743808214272716,0.04763561792856019,0.04391936404760899,0.035473332499992294,0.01351365047618791,0.05574380821427316,0.039527427642848556,0.0739872363571259,0.10202806109521445,0
AIV,0.0677823408624231,0.08548788916252059,0.0266283554819422,0.08483575280204514,-0.006639334071783187,-0.03559651165102917,-0.13909256643120727,-0.221295766284493,-0.17212832862683558,-0.16702209322681616,-0.19427876491202578,-0.1883241482408864,0.0361823652404507,0.035927380284563215,0.022770156560762755,0.005482176551583118,0.021393237798970066,0.013998674078229412,0.011244836554643145,0.01563057779591026,0.008771482482533566,0.012876740272323994,0.018384415319496306,0.01152532000611961,0.02111275434749338,0.032077107450660725,0.05127747462899657,0.05976847366005411,0.04990055586720388,0.04579529807741323,0.03893620276403653,0.04579529807741323,0
TIF,0.069172932330827,0.2073756835269991,0.137602716891017,0.06839956335549102,-0.249989594271245,-0.24481290856381954,-0.32847886433703954,-0.20088984856107706,-0.13174785230334485,-0.32378147063755613,-0.34763150175614854,-0.331740474234824,0.0524,0.07600000000000007,0.07600000000000007,0.1100000000000001,0.08600000000000008,0.0688000000000002,0.04760000000000031,0.0992000000000004,0.0992000000000004,0.11240000000000028,0.1444000000000003,0.12520000000000042,0.15400000000000058,0.11520000000000064,0.13960000000000083,0.130000000000001,0.11200000000000121,0.10040000000000115,0.1432000000000011,0.11480000000000112,0
TRMB,0.272379495026779,0.2719961327203535,0.3679096651696441,0.1795604901323773,-0.0038421409140116936,0.0601451940101736,-0.24925340338335344,-0.0116553096400549,0.0570531447699949,-0.06164934057020366,0.2508788790602916,0.27601834496101585,0.0261780104712041,0.06701570680628266,0.0732984293193717,0.06073298429319385,0.0628272251308899,0.04712041884816731,0.0005235602094240122,0.051308900523560075,0.07539267015706819,0.0727748691099479,0.10732984293193737,0.10732984293193737,0.1089005235602094,0.12408376963350798,0.12408376963350798,0.12460732984293221,0.14293193717277508,0.13298429319371752,0.23350785340314117,0.2471204188481677,0
XRX,0.1025724874645737,-0.09061522371612929,-0.0916299733270094,-0.29416477066224933,-0.25673866581939975,-0.25032508169231715,-0.4582607141080882,-0.28056522746274537,-0.06365390727402198,-0.13856874336437952,-0.05765547622613654,-0.041682987128716986,0.0275589178636173,0.020673546227862438,0.031010319341793657,0.033293822339981016,0.04248012829452019,0.018372611909078795,6.661338147750939e-16,0.0034514014781765745,-0.00573490447636249,0.02755891786361797,0.0355947566587651,0.017222144749686974,0.04478106261330428,0.06085274020359854,0.039046158136941234,0.09644749686236298,0.10906777297448134,0.08956212522660811,0.11136870729326542,0.11940454608841256,0
PENN,-0.0107346821459367,0.08741719691552419,0.019602038070575256,0.014311440229852312,-0.12868052821375675,0.03541617848902723,0.08846474372024993,0.1772119267872092,0.06788683968016151,-0.09958345470557917,-0.08669415768545308,-0.039934653286618604,0.014081698776263,0.06253271191087406,0.07155496847194875,0.09917005208982355,0.10141315454975919,0.09072103282406552,0.034942551653664555,0.028188320913191678,0.024225506567305155,0.05577848117040096,0.05577848117040096,0.04508635944470751,0.08000398773770656,0.08733145577349655,0.10649752012561375,0.125638661117065,0.08790469306881343,0.10592428283029665,0.08227201355830815,0.09296413528400183,0
